3.000000000000000000e+02 9.112557858314427328e-01 6.369049369236989833e-05 9.111920953377503629e-01
3.050000000000000000e+02 8.852128319411071145e-01 5.826422616073134719e-05 8.851545677149463831e-01
3.100000000000000000e+02 8.581950827114777081e-01 5.319517477320179211e-05 8.581418875367045063e-01
3.150000000000000000e+02 8.371162354211413303e-01 4.918346357862812823e-05 8.370670519575627022e-01
3.200000000000000000e+02 8.147130295633336905e-01 4.541477321173825743e-05 8.146676147901219522e-01
3.250000000000000000e+02 8.286164990162397936e-01 4.367348138911708588e-05 8.285728255348506766e-01
3.300000000000000000e+02 8.452850583752651303e-01 4.107223955085448353e-05 8.452439861357142759e-01
3.350000000000000000e+02 8.519087964976239657e-01 3.871722681048073156e-05 8.518700792708134850e-01
3.400000000000000000e+02 8.715171662610318171e-01 3.753881894252852902e-05 8.714796274420892885e-01
3.450000000000000000e+02 9.164732745164655414e-01 3.764955292162586176e-05 9.164356249635439156e-01
3.500000000000000000e+02 9.874883944110484091e-01 3.904796488729544990e-05 9.874493464461611136e-01
3.550000000000000000e+02 1.054559098801407302e+00 4.401285764066287243e-05 1.054515085943766639e+00
3.600000000000000000e+02 1.059003068788669122e+00 4.612070232901110955e-05 1.058956948086340111e+00
3.650000000000000000e+02 1.032700727229241222e+00 4.817079784769084938e-05 1.032652556431393531e+00
3.700000000000000000e+02 9.855881647827163805e-01 4.884266324967079242e-05 9.855393221194667097e-01
3.750000000000000000e+02 9.039677736246372053e-01 4.899461820206951757e-05 9.039187790064351358e-01
3.800000000000000000e+02 8.026058869672798579e-01 4.656655229784423256e-05 8.025593204149820137e-01
3.850000000000000000e+02 7.117004514748996868e-01 4.312585152843606551e-05 7.116573256233712508e-01
3.900000000000000000e+02 6.331750246775911251e-01 4.001471714365489873e-05 6.331350099604474702e-01
3.950000000000000000e+02 5.653336769404814222e-01 3.674405734510610699e-05 5.652969328831363161e-01
4.000000000000000000e+02 5.077378233742445568e-01 3.369634986494229878e-05 5.077041270243796145e-01
4.050000000000000000e+02 4.589847235681447923e-01 3.063093256217008786e-05 4.589540926355826223e-01
4.100000000000000000e+02 4.178525070767322158e-01 2.828307878016689259e-05 4.178242239979520489e-01
4.150000000000000000e+02 3.843201949752476088e-01 2.612788250949682478e-05 3.842940670927381119e-01
4.200000000000000000e+02 3.573459805406969392e-01 2.415846312470160129e-05 3.573218220775722376e-01
4.250000000000000000e+02 3.339832043329575284e-01 2.241255738627545568e-05 3.339607917755712529e-01
4.300000000000000000e+02 3.136033738636394008e-01 2.094803613139628595e-05 3.135824258275080045e-01
4.350000000000000000e+02 2.971837167125610524e-01 1.949554435765055160e-05 2.971642211682034018e-01
4.400000000000000000e+02 2.825788905876707724e-01 1.831137346647304653e-05 2.825605792142042993e-01
4.450000000000000000e+02 2.693368217535100362e-01 1.717496459124889796e-05 2.693196467889187873e-01
4.500000000000000000e+02 2.572632855673409602e-01 1.612655850147248771e-05 2.572471590088394877e-01
4.550000000000000000e+02 2.460015168198086133e-01 1.514256743881392531e-05 2.459863742523697994e-01
4.600000000000000000e+02 2.356869379111291851e-01 1.420042919977881901e-05 2.356727374819294063e-01
4.650000000000000000e+02 2.263065843634305130e-01 1.342024386399853775e-05 2.262931641195665144e-01
4.700000000000000000e+02 2.177829977681703111e-01 1.261660550033738559e-05 2.177703811626699737e-01
4.750000000000000000e+02 2.101919254218807820e-01 1.190914805573872748e-05 2.101800162738250433e-01
4.800000000000000000e+02 2.032392283073112538e-01 1.137330244507794852e-05 2.032278550048661758e-01
4.850000000000000000e+02 1.968029462651105232e-01 1.075147026732836686e-05 1.967921947948431949e-01
4.900000000000000000e+02 1.908129093263446763e-01 1.016153749772152892e-05 1.908027477888469547e-01
4.950000000000000000e+02 1.852065173888436111e-01 9.621552413324740982e-06 1.851968958364302864e-01
5.000000000000000000e+02 1.800833461084646592e-01 9.224140465780017450e-06 1.800741219679988792e-01
5.050000000000000000e+02 1.752775122650691297e-01 8.760044491684659818e-06 1.752687522205774451e-01
5.100000000000000000e+02 1.707152536844077639e-01 8.341959765012507688e-06 1.707069117246427514e-01
5.150000000000000000e+02 1.663694997465255121e-01 8.005099116359382094e-06 1.663614946474091527e-01
5.200000000000000000e+02 1.622185651883411572e-01 7.584212824124358931e-06 1.622109809755170329e-01
5.250000000000000000e+02 1.582740591093390325e-01 7.296841923382091366e-06 1.582667622674156505e-01
5.300000000000000000e+02 1.544903585343798402e-01 6.890578553603310397e-06 1.544834679558262369e-01
5.350000000000000000e+02 1.508513081670724842e-01 6.615061634823726777e-06 1.508446931054376605e-01
5.400000000000000000e+02 1.473475562594295518e-01 6.344646881234483615e-06 1.473412116125483173e-01
5.450000000000000000e+02 1.439706900769563702e-01 6.036017773464186220e-06 1.439646540591829060e-01
5.500000000000000000e+02 1.407026855682682598e-01 5.827123986279492129e-06 1.406968584442819803e-01
5.550000000000000000e+02 1.375549650175532379e-01 5.613514422103671464e-06 1.375493515031311342e-01
5.600000000000000000e+02 1.345144655450283278e-01 5.353295806059810147e-06 1.345091122492222679e-01
5.650000000000000000e+02 1.315752586409669467e-01 5.164319206080181246e-06 1.315700943217608665e-01
5.700000000000000000e+02 1.287319705857257468e-01 5.028196870454637590e-06 1.287269423888552922e-01
5.750000000000000000e+02 1.259796928509530900e-01 4.812595025632804280e-06 1.259748802559274572e-01
5.800000000000000000e+02 1.233139214776014930e-01 4.592596326208342461e-06 1.233093288812752847e-01
5.850000000000000000e+02 1.207736356530942495e-01 4.456806050989747803e-06 1.207691788470432598e-01
5.900000000000000000e+02 1.183382481018416810e-01 4.275457704663865321e-06 1.183339726441370171e-01
5.950000000000000000e+02 1.159722500664530365e-01 4.128795509469873615e-06 1.159681212709435666e-01
6.000000000000000000e+02 1.136728871336400715e-01 4.008108654779407587e-06 1.136688790249852921e-01
6.050000000000000000e+02 1.114375581757653111e-01 3.842743624637989797e-06 1.114337154321406731e-01
6.100000000000000000e+02 1.092637396329922683e-01 3.718664858251563565e-06 1.092600209681340168e-01
6.150000000000000000e+02 1.071492195829156918e-01 3.550689543829754768e-06 1.071456688933718621e-01
6.200000000000000000e+02 1.051218176944541810e-01 3.423376687017309905e-06 1.051183943177671637e-01
6.250000000000000000e+02 1.031711075207121658e-01 3.350810210023258406e-06 1.031677567105021426e-01
6.300000000000000000e+02 1.012715602844700274e-01 3.204694087974302441e-06 1.012683555903820531e-01
6.350000000000000000e+02 9.942122627946949065e-02 3.060879007213412883e-06 9.941816540046227724e-02
6.400000000000000000e+02 9.761854763204655394e-02 3.000198748437377105e-06 9.761554743329811656e-02
6.450000000000000000e+02 9.586174480697290390e-02 2.845605744081214361e-06 9.585889920122882268e-02
6.500000000000000000e+02 9.414928851201356808e-02 2.773034378650285348e-06 9.414651547763491779e-02
6.550000000000000000e+02 9.247969615087968387e-02 2.665645827085172392e-06 9.247703050505259870e-02
6.600000000000000000e+02 9.084760109541618889e-02 2.638320943368355209e-06 9.084496277447282053e-02
6.650000000000000000e+02 8.924118114012270786e-02 2.505252205686758771e-06 8.923867588791702110e-02
6.700000000000000000e+02 8.767462627533897934e-02 2.472507953057978547e-06 8.767215376738592136e-02
6.750000000000000000e+02 8.614662530965955245e-02 2.384471685032418797e-06 8.614424083797452003e-02
6.800000000000000000e+02 8.465598866661647182e-02 2.311571815405422115e-06 8.465367709480106639e-02
6.850000000000000000e+02 8.320153402047593405e-02 2.219125108338104724e-06 8.319931489536759595e-02
6.900000000000000000e+02 8.178218152152709475e-02 2.168941635710686100e-06 8.178001257989138406e-02
6.950000000000000000e+02 8.039682822285230956e-02 2.112708725104939234e-06 8.039471551412720463e-02
7.000000000000000000e+02 7.904436907463077699e-02 2.084171679586632742e-06 7.904228490295119036e-02
7.050000000000000000e+02 7.774009858586000687e-02 1.969258530479245373e-06 7.773812932732952763e-02
7.100000000000000000e+02 7.652984851726463145e-02 1.922248300575968294e-06 7.652792626896405548e-02
7.150000000000000000e+02 7.534649688890769637e-02 1.895641825414018378e-06 7.534460124708228235e-02
7.200000000000000000e+02 7.418916303396252965e-02 1.804041077496654211e-06 7.418735899288503299e-02
7.250000000000000000e+02 7.305717233632207097e-02 1.746160299298527008e-06 7.305542617602277244e-02
7.300000000000000000e+02 7.194984287514735732e-02 1.701966090977835577e-06 7.194814090905637949e-02
7.350000000000000000e+02 7.086642164347584094e-02 1.639164208838694847e-06 7.086478247926700225e-02
7.400000000000000000e+02 6.980630318032002291e-02 1.602649887869067591e-06 6.980470053043215384e-02
7.450000000000000000e+02 6.876880352309247546e-02 1.541357535717047256e-06 6.876726216555675841e-02
7.500000000000000000e+02 6.775335107209035090e-02 1.512257042354803183e-06 6.775183881504799610e-02
7.550000000000000000e+02 6.675931456888856141e-02 1.458608507226566431e-06 6.675785596038133485e-02
7.600000000000000000e+02 6.579204880281931678e-02 1.418050595239361833e-06 6.579063075222407742e-02
7.650000000000000000e+02 6.484615656238429393e-02 1.365719076579230418e-06 6.484479084330771470e-02
7.700000000000000000e+02 6.391953458464799676e-02 1.338514949641989027e-06 6.391819606969835477e-02
7.750000000000000000e+02 6.301177346173279792e-02 1.335951877873275961e-06 6.301043750985492464e-02
7.800000000000000000e+02 6.212229327593297989e-02 1.279119426184083252e-06 6.212101415650679581e-02
7.850000000000000000e+02 6.125069075361315452e-02 1.246991561731913833e-06 6.124944376205142260e-02
7.900000000000000000e+02 6.039649538689645381e-02 1.227184794595770345e-06 6.039526820210185803e-02
7.950000000000000000e+02 5.955928402302829855e-02 1.160269240983724526e-06 5.955812375378731482e-02
8.000000000000000000e+02 5.873866761904355388e-02 1.164783043516859351e-06 5.873750283600003702e-02
