0 4 5 11 14 20 19 20 20 18 11 4
1 4 8 8 14 20 22 16 26 13 9 6
2 5 8 9 14 21 22 21 21 16 7 2
3 5 5 11 14 19 23 19 22 17 8 3
4 3 6 9 15 18 26 19 19 19 10 2
5 4 8 8 15 15 19 22 16 12 19 8
6 4 8 9 16 18 20 17 19 13 18 4
7 4 5 11 14 15 21 16 19 14 17 10
8 4 7 10 17 15 18 20 16 15 15 9
9 5 11 7 15 18 17 23 16 18 11 5
10 5 11 10 16 14 24 15 21 11 16 3
11 5 10 9 15 19 18 24 15 18 10 3
12 5 10 9 19 12 25 13 19 12 17 5
13 5 8 8 17 15 20 17 20 11 20 5
14 7 8 10 13 16 18 19 19 14 15 7
15 6 12 8 15 16 21 21 16 17 11 3
16 6 11 10 16 14 23 13 22 9 19 3
17 6 9 12 14 19 17 17 20 15 14 3
0 4 5 11 14 20 19 20 20 18 11 4
1 4 8 8 14 20 22 16 26 13 9 6
2 5 8 9 14 21 22 21 21 16 7 2
3 5 5 11 14 19 23 19 22 17 8 3
4 3 6 9 15 18 26 19 19 19 10 2
5 4 8 8 15 15 19 22 16 12 19 8
6 4 8 9 16 18 20 17 19 13 18 4
7 4 5 11 14 15 21 16 19 14 17 10
8 4 7 10 17 15 18 20 16 15 15 9
9 5 11 7 15 18 17 23 16 18 11 5
10 5 11 10 16 14 24 15 21 11 16 3
11 5 10 9 15 19 18 24 15 18 10 3
12 5 10 9 19 12 25 13 19 12 17 5
13 5 8 8 17 15 20 17 20 11 20 5
14 7 8 10 13 16 18 19 19 14 15 7
15 6 12 8 15 16 21 21 16 17 11 3
16 6 11 10 16 14 23 13 22 9 19 3
17 6 9 12 14 19 17 17 20 15 14 3
