0 15.104439842301083 16.618461232880378 18.13248262345968 19.646504014038975 21.16052540461827 22.67454679519757 24.188568185776866 25.70258957635616 27.216610966935463 28.730632357514757 30.24465374809406
1 12.52047916945092 14.056026527356538 15.591573885262155 17.12712124316777 18.66266860107339 20.198215958979006 21.733763316884623 23.26931067479024 24.804858032695858 26.340405390601475 27.875952748507093
2 10.127210263054241 11.703091422624043 13.278972582193846 14.854853741763648 16.43073490133345 18.006616060903255 19.58249722047306 21.158378380042855 22.73425953961266 24.310140699182462 25.886021858752265
3 7.563556214215884 9.107212941779188 10.650869669342491 12.194526396905793 13.738183124469096 15.281839852032402 16.825496579595704 18.369153307159007 19.91281003472231 21.45646676228561 23.000123489848917
4 3.8864138423479573 5.399395928419784 6.91237801449161 8.425360100563436 9.938342186635262 11.451324272707089 12.964306358778915 14.47728844485074 15.990270530922567 17.503252616994395 19.016234703066218
5 3.7805183650932443 5.018875802766669 6.257233240440093 7.495590678113516 8.73394811578694 9.972305553460366 11.210662991133788 12.449020428807213 13.687377866480638 14.92573530415406 16.164092741827485
6 3.7042502111970403 4.93220581629407 6.1601614213911 7.38811702648813 8.61607263158516 9.84402823668219 11.071983841779222 12.299939446876252 13.527895051973282 14.755850657070312 15.983806262167342
7 3.704809916497684 4.93028082896627 6.155751741434855 7.381222653903441 8.606693566372027 9.832164478840612 11.057635391309198 12.283106303777783 13.508577216246369 14.734048128714955 15.95951904118354
8 3.5781538004405666 4.75394737874541 5.929740957050255 7.105534535355099 8.281328113659942 9.457121691964787 10.632915270269631 11.808708848574474 12.984502426879319 14.160296005184163 15.336089583489006
9 3.804026996267223 5.055750709203878 6.307474422140532 7.559198135077187 8.810921848013841 10.062645560950497 11.314369273887152 12.566092986823804 13.81781669976046 15.069540412697116 16.32126412563377
10 3.8809782918287716 5.167609079524761 6.45423986722075 7.740870654916739 9.027501442612728 10.314132230308717 11.600763018004706 12.887393805700695 14.174024593396684 15.460655381092673 16.747286168788662
11 3.874803551106327 5.190654392743408 6.506505234380489 7.822356076017571 9.138206917654653 10.454057759291734 11.769908600928815 13.085759442565896 14.401610284202977 15.717461125840059 17.03331196747714
12 3.758036783149061 5.013739088135779 6.269441393122497 7.525143698109215 8.780846003095933 10.03654830808265 11.29225061306937 12.547952918056088 13.803655223042806 15.059357528029524 16.315059833016242
13 3.8368569809053126 5.046020166388487 6.255183351871661 7.464346537354835 8.67350972283801 9.882672908321183 11.091836093804357 12.300999279287531 13.510162464770705 14.719325650253879 15.928488835737053
14 3.7308425530835367 4.9809261545355366 6.231009755987537 7.481093357439538 8.731176958891538 9.98126056034354 11.231344161795537 12.481427763247538 13.73151136469954 14.98159496615154 16.231678567603538
15 3.813647035463152 5.117080744593261 6.420514453723371 7.723948162853481 9.02738187198359 10.330815581113699 11.63424929024381 12.93768299937392 14.241116708504029 15.544550417634138 16.847984126764246
16 3.9345704210964074 5.242615985561908 6.550661550027408 7.858707114492908 9.16675267895841 10.47479824342391 11.78284380788941 13.090889372354912 14.398934936820412 15.706980501285912 17.015026065751414
17 3.8415078330406187 5.132017629606102 6.422527426171586 7.71303722273707 9.003547019302552 10.294056815868036 11.58456661243352 12.875076408999002 14.165586205564486 15.45609600212997 16.74660579869545
0 15.104439842301083 16.618461232880378 18.13248262345968 19.646504014038975 21.16052540461827 22.67454679519757 24.188568185776866 25.70258957635616 27.216610966935463 28.730632357514757 30.24465374809406
1 12.52047916945092 14.056026527356538 15.591573885262155 17.12712124316777 18.66266860107339 20.198215958979006 21.733763316884623 23.26931067479024 24.804858032695858 26.340405390601475 27.875952748507093
2 10.127210263054241 11.703091422624043 13.278972582193846 14.854853741763648 16.43073490133345 18.006616060903255 19.58249722047306 21.158378380042855 22.73425953961266 24.310140699182462 25.886021858752265
3 7.563556214215884 9.107212941779188 10.650869669342491 12.194526396905793 13.738183124469096 15.281839852032402 16.825496579595704 18.369153307159007 19.91281003472231 21.45646676228561 23.000123489848917
4 3.8864138423479573 5.399395928419784 6.91237801449161 8.425360100563436 9.938342186635262 11.451324272707089 12.964306358778915 14.47728844485074 15.990270530922567 17.503252616994395 19.016234703066218
5 3.7805183650932443 5.018875802766669 6.257233240440093 7.495590678113516 8.73394811578694 9.972305553460366 11.210662991133788 12.449020428807213 13.687377866480638 14.92573530415406 16.164092741827485
6 3.7042502111970403 4.93220581629407 6.1601614213911 7.38811702648813 8.61607263158516 9.84402823668219 11.071983841779222 12.299939446876252 13.527895051973282 14.755850657070312 15.983806262167342
7 3.704809916497684 4.93028082896627 6.155751741434855 7.381222653903441 8.606693566372027 9.832164478840612 11.057635391309198 12.283106303777783 13.508577216246369 14.734048128714955 15.95951904118354
8 3.5781538004405666 4.75394737874541 5.929740957050255 7.105534535355099 8.281328113659942 9.457121691964787 10.632915270269631 11.808708848574474 12.984502426879319 14.160296005184163 15.336089583489006
9 3.804026996267223 5.055750709203878 6.307474422140532 7.559198135077187 8.810921848013841 10.062645560950497 11.314369273887152 12.566092986823804 13.81781669976046 15.069540412697116 16.32126412563377
10 3.8809782918287716 5.167609079524761 6.45423986722075 7.740870654916739 9.027501442612728 10.314132230308717 11.600763018004706 12.887393805700695 14.174024593396684 15.460655381092673 16.747286168788662
11 3.874803551106327 5.190654392743408 6.506505234380489 7.822356076017571 9.138206917654653 10.454057759291734 11.769908600928815 13.085759442565896 14.401610284202977 15.717461125840059 17.03331196747714
12 3.758036783149061 5.013739088135779 6.269441393122497 7.525143698109215 8.780846003095933 10.03654830808265 11.29225061306937 12.547952918056088 13.803655223042806 15.059357528029524 16.315059833016242
13 3.8368569809053126 5.046020166388487 6.255183351871661 7.464346537354835 8.67350972283801 9.882672908321183 11.091836093804357 12.300999279287531 13.510162464770705 14.719325650253879 15.928488835737053
14 3.7308425530835367 4.9809261545355366 6.231009755987537 7.481093357439538 8.731176958891538 9.98126056034354 11.231344161795537 12.481427763247538 13.73151136469954 14.98159496615154 16.231678567603538
15 3.813647035463152 5.117080744593261 6.420514453723371 7.723948162853481 9.02738187198359 10.330815581113699 11.63424929024381 12.93768299937392 14.241116708504029 15.544550417634138 16.847984126764246
16 3.9345704210964074 5.242615985561908 6.550661550027408 7.858707114492908 9.16675267895841 10.47479824342391 11.78284380788941 13.090889372354912 14.398934936820412 15.706980501285912 17.015026065751414
17 3.8415078330406187 5.132017629606102 6.422527426171586 7.71303722273707 9.003547019302552 10.294056815868036 11.58456661243352 12.875076408999002 14.165586205564486 15.45609600212997 16.74660579869545
