0 7.254721986301368 8.221907945205482 0.06473424657534242
1 7.266699657534245 8.08776178082192 0.10803363013698611
2 7.2527660958904105 7.815262534246575 0.1347101369863014
3 7.313741917808219 7.73134589041096 0.1705421232876706
4 7.3905947260274 7.630782808219181 0.15123198630136953
5 7.381403356164385 7.673118219178084 0.15491479452054702
6 7.327524726027396 7.671511232876707 0.059850136986301615
7 7.355778698630136 7.712533082191774 -0.08637219178082262
8 7.290734178082192 7.876729315068494 -0.3138354109589039
9 7.1304984246575325 8.029028835616437 -0.3645586986301368
10 6.944479931506846 8.067595136986302 -0.4939757534246576
11 6.89539075342466 8.065775342465756 -0.5734700000000001
12 6.838958013698632 8.22896897260274 -0.6304290410958906
13 6.694628630136985 8.351567465753426 -0.6775212328767121
14 6.675911164383563 8.463650410958902 -0.6046413013698633
15 6.54042219178082 8.556474657534245 -0.6087420547945206
16 6.292294931506848 8.588167534246574 -0.7408513698630139
17 6.1646521917808235 8.582878287671228 -0.8648430821917807
18 6.063260616438356 8.548054726027399 -0.984334109589041
19 5.934289657534246 8.566478972602734 -1.0539177397260278
20 5.824778493150685 8.465279041095899 -1.1644115068493153
21 5.6778473287671245 8.346226164383564 -1.3818958219178081
22 5.610773356164382 8.282169383561646 -1.4131060958904107
23 5.623324863013697 8.082625547945202 -1.3762444520547947
24 5.6191298630137 8.034098287671233 -1.2904693150684932
25 5.735631164383559 8.013567465753422 -1.1768408219178081
26 5.838510273972601 7.9791958904109626 -1.0495780136986301
27 6.054022397260273 8.039439999999997 -1.0079476027397256
28 6.2906444520547975 8.09287006849315 -0.9506671232876714
29 6.475278972602735 8.134283561643834 -0.8709051369863013
30 6.587964315068496 8.000561232876711 -0.9469248630136989
31 6.555170684931506 7.867356849315068 -1.1398378767123285
32 6.409547534246571 7.818277671232877 -1.3248884931506848
33 6.299800616438353 7.873785068493151 -1.4096948630136985
34 6.313523972602743 8.020790342465752 -1.440115821917808
35 6.380765410958907 8.161323698630138 -1.4355004109589038
36 6.509699657534248 8.267580342465752 -1.4810934246575338
37 6.458425342465751 8.295419041095885 -1.5419250684931511
38 6.42900965753425 8.23417472602739 -1.518712671232877
39 6.328926986301369 8.241557465753425 -1.5288039726027391
40 6.1961485616438345 8.224511438356162 -1.5931095205479449
41 6.207086780821919 8.16799787671233 -1.611682054794521
42 6.219380753424659 8.2705651369863 -1.6381400684931509
43 6.141300068493149 8.401295136986302 -1.854921575342466
44 6.15394897260274 8.521459520547944 -1.935438287671233
45 6.140875136986297 8.767504383561642 -1.8308493835616442
46 5.992072054794518 8.972530684931504 -1.6960391095890412
47 5.7725269178082215 9.105295342465759 -1.5390519863013699
48 5.60736623287671 9.226396917808218 -1.3406623287671238
49 5.324826643835619 9.245848493150682 -1.2030273972602739
50 5.140138150684932 9.257768424657527 -1.0735916438356168
51 5.163713150684931 9.353590958904116 -1.1247746575342468
52 5.244419041095889 9.469411986301365 -1.1793047945205481
53 5.400773561643838 9.571181164383557 -1.2429936301369864
54 5.4652721232876695 9.806241575342462 -1.3424602739726024
55 5.463641438356161 10.047396986301367 -1.3634979452054796
56 5.562838219178085 10.302147260273976 -1.3643517123287674
57 5.714761027397262 10.51214 -1.4111276712328766
58 5.850230410958908 10.683935547945206 -1.457922328767124
59 5.998801164383563 10.828943356164386 -1.468888698630137
60 6.095535410958907 10.849425958904108 -1.3857484931506847
61 6.089056027397262 10.879688698630133 -1.3089705479452054
62 6.124691438356164 10.80607219178082 -1.394312876712329
63 5.95391294520548 10.76698102739726 -1.545647739726027
64 5.741443904109589 10.755627465753422 -1.759899109589041
65 5.533164931506844 10.768864657534245 -1.8048452054794522
66 5.349360068493149 10.78420958904109 -1.720780753424657
67 5.332454863013699 10.70402952054795 -1.6590024657534244
68 5.410552465753424 10.732853287671231 -1.6028887671232874
69 5.385078356164381 10.73736342465753 -1.6004156164383563
70 5.379315958904106 10.679993767123285 -1.6423615753424656
71 5.368995273972602 10.71671691780822 -1.6889735616438353
72 5.129174726027396 10.727252876712335 -1.7149500684931502
73 4.906458630136985 10.735879041095894 -1.7917179452054792
74 4.844872534246573 10.635536301369866 -1.954692054794521
75 4.787394246575341 10.614999383561644 -2.0416182191780825
76 4.706332808219174 10.624051575342461 -2.1309393150684937
77 4.5856654794520555 10.650490958904113 -2.2075443150684926
78 4.5997333561643865 10.680398767123291 -2.3107689726027405
79 4.63913883561644 10.70401006849315 -2.3079654794520543
80 4.737373356164384 10.707772465753429 -2.2548347945205474
81 4.94354178082192 10.744559109589039 -2.2366777397260273
82 5.019286643835616 10.887144383561644 -2.077045616438356
83 5.036487191780821 10.955917123287671 -1.8343417808219178
84 5.1260292465753405 10.842613561643834 -1.7248358904109586
85 5.013312739726029 10.60200890410959 -1.7165510958904104
86 4.965039383561643 10.41739171232877 -1.817002602739726
87 5.0144175342465775 10.241061643835618 -1.9690269178082185
88 4.958637328767125 10.15284075342466 -2.137347191780822
89 4.941669246575342 9.994510273972603 -2.3881519863013696
90 4.942465547945204 9.806762054794518 -2.5429369863013696
91 5.024989178082192 9.754012534246568 -2.686391917808219
92 5.015029863013696 9.747596232876715 -2.7524455479452055
93 4.864906506849312 9.638203082191778 -2.7390260958904116
94 4.950348287671232 9.486289657534247 -2.854620410958905
95 5.046931301369863 9.309257397260273 -2.9758531506849306
96 5.1325626712328765 9.31668534246575 -3.001887945205479
97 5.225843767123286 9.529611164383558 -3.0552692465753415
98 5.410218493150684 9.477467397260277 -3.201888698630137
99 5.566757465753425 9.39825753424658 -3.41583095890411
100 5.672929657534247 9.298640410958905 -3.572991438356165
101 5.737402328767124 9.206611506849306 -3.718127602739726
102 5.78912897260274 9.277454178082186 -3.7748825342465775
103 5.835363835616438 9.252675479452051 -3.992774178082191
104 5.798687671232876 9.259102397260277 -4.16897506849315
105 5.714421849315072 9.234759657534246 -4.290449452054793
106 5.596914452054796 9.211860068493154 -4.401455068493151
107 5.592933082191778 9.133809794520548 -4.387347328767121
108 5.5288871917808216 8.93077301369863 -4.421688630136987
109 5.383202534246577 8.805900616438356 -4.479556164383562
110 5.327977739726029 8.81596404109589 -4.590645616438358
111 5.266103835616438 8.802922534246571 -4.78967917808219
112 5.13992582191781 8.84250335616439 -5.136643493150683
113 5.070047808219182 9.009825479452056 -5.4070203424657555
114 5.051901027397265 9.118549520547948 -5.450742876712331
115 5.0565954794520565 9.2296648630137 -5.496774178082194
116 5.2300017808219215 9.323050479452053 -5.47983397260274
117 5.457396095890412 9.294230958904109 -5.359985068493148
118 5.421202876712328 9.175968287671237 -5.305347808219181
119 5.305728630136989 9.229616095890409 -5.3152691095890425
120 5.176100753424657 9.300569589041102 -5.320620684931506
121 4.979542602739725 9.492272465753423 -5.327900479452052
122 4.911187739726028 9.579517465753424 -5.291534246575344
123 4.884524794520547 9.692207876712331 -5.233469452054795
124 4.90917493150685 9.795706712328768 -5.276481780821918
125 4.840639452054793 9.84850582191781 -5.417648561643835
126 4.8450148630136995 9.905673150684938 -5.452520136986302
127 4.875502945205481 10.050167808219184 -5.406764109589045
128 4.928775753424657 10.170011164383563 -5.37032698630137
129 5.022198767123288 10.202853013698627 -5.3031798630137
130 5.124426095890409 10.116359589041092 -5.1296204109589025
131 5.091907328767121 10.045817671232872 -4.94378698630137
132 5.010770684931505 9.966591369863012 -4.835110410958905
133 4.996322328767125 9.905100479452049 -4.772619109589042
134 5.059123904109591 9.855189315068497 -4.588666095890413
135 5.058660616438353 9.82633020547945 -4.410044863013696
136 5.075387671232878 9.901091369863014 -4.341615684931506
137 5.131231301369864 9.979307054794518 -4.34838095890411
138 5.2870974657534235 9.99342835616438 -4.500516917808218
139 5.44896821917808 9.859061232876716 -4.560060616438356
140 5.522488561643836 9.77748945205479 -4.564893287671235
141 5.628813219178085 9.873643424657537 -4.675353082191782
142 5.669112739726029 10.069407945205489 -4.724845273972603
143 5.57148321917808 10.24017506849315 -4.606423356164383
144 5.512642397260274 10.16814486301369 -4.512127671232877
145 5.5228230136986305 10.056512945205482 -4.508217671232876
146 5.51563068493151 10.132085000000005 -4.669684178082191
147 5.503812123287667 10.29890965753425 -4.8274339041095855
148 5.3767742465753425 10.440425479452056 -5.064114589041098
149 5.205875684931507 10.646442945205484 -5.236788013698632
150 4.958835273972605 10.753161575342467 -5.342761506849315
151 4.77700397260274 10.65173698630137 -5.609414452054793
152 4.761883904109591 10.590150753424664 -5.739158356164384
153 4.729918082191779 10.689246643835622 -5.7779123287671235
154 4.660782191780822 10.819792808219177 -5.753670821917807
155 4.6004745205479445 10.966041027397262 -5.787690753424657
156 4.493006438356164 10.990276027397258 -5.907986986301369
157 4.32414794520548 11.07763239726027 -5.917870273972602
158 4.362335273972603 11.169329657534245 -5.883656506849315
159 4.381705410958903 11.345602123287668 -5.742087465753423
160 4.434174589041093 11.424914452054793 -5.623177534246575
161 4.448487260273972 11.491786301369862 -5.586268356164379
162 4.42235493150685 11.60670191780822 -5.4796798630137005
163 4.3690154109589034 11.65921157534247 -5.305404315068494
164 4.194536849315069 11.653943356164385 -5.140064315068494
165 4.057054452054792 11.814434589041095 -5.018548356164384
166 4.148286506849315 12.043554863013695 -4.990167191780821
167 4.275811027397262 12.258719931506851 -5.067902534246575
168 4.339304657534246 12.396489452054794 -5.126915342465757
169 4.54454808219178 12.425137191780824 -5.108517671232877
170 4.805196438356165 12.442473493150683 -5.0769360273972595
171 4.9747885616438365 12.582276506849308 -5.084440205479452
172 5.044954178082194 12.679048630136977 -5.045701232876715
173 5.143590684931506 12.924916575342465 -4.999719383561642
174 5.201802328767125 13.205230753424662 -4.9762869863013695
175 5.108235821917805 13.433084315068491 -4.914999452054793
176 5.083345821917807 13.685403287671232 -4.847459383561645
177 4.929827123287668 13.802139999999998 -4.616227739726027
178 4.854267602739729 13.900530410958904 -4.512091986301368
179 4.840433424657538 14.005926301369858 -4.409781712328766
180 4.764656643835617 14.05315493150685 -4.396459657534245
181 4.696993904109588 14.06034760273972 -4.372678698630136
182 4.598730958904109 13.985574452054792 -4.387368972602739
183 4.54435171232877 14.009051438356169 -4.454538356164385
184 4.513425616438354 14.041469178082195 -4.398638767123287
185 4.746775821917806 14.12755719178082 -4.385314863013696
186 5.0267421232876695 14.123271780821918 -4.307140136986302
187 5.248432260273968 14.14124808219178 -4.2916286301369855
188 5.28264410958904 14.195771438356166 -4.37761808219178
189 5.284784041095893 14.25120376712328 -4.413940958904108
190 5.234357465753425 14.286777739726023 -4.474201095890412
191 5.250948424657535 14.257469520547941 -4.5105301369863025
192 5.404574041095894 14.254776027397263 -4.453738219178082
193 5.535997671232878 14.35385705479453 -4.1953404794520575
194 5.508865205479453 14.342306027397266 -4.032968013698631
195 5.5971565068493145 14.356607808219183 -3.986053219178083
196 5.762257602739727 14.269998287671234 -3.9143147260273965
197 5.852137534246575 14.20471616438356 -3.880772123287671
198 5.881712465753425 14.042559931506851 -3.920423630136987
199 5.947069315068494 13.854652808219177 -3.9572243150684945
200 6.131009657534248 13.667911438356166 -3.9797314383561635
201 6.359498219178085 13.588937808219175 -3.9395838356164394
202 6.4714193835616465 13.563247123287665 -4.009241027397262
203 6.546116438356162 13.567243219178081 -4.076326849315069
204 6.587104109589045 13.793125890410955 -4.09284520547945
205 6.443871575342467 14.11600568493151 -4.100691780821918
206 6.365951027397262 14.295933082191786 -4.092032602739725
207 6.365674109589045 14.333120684931506 -4.170984315068494
208 6.323975479452055 14.36954335616438 -4.1198245890410945
209 6.363534794520549 14.526117123287676 -4.025995890410958
210 6.264061301369866 14.533589931506851 -3.9244654109589048
211 6.039778904109589 14.424369657534243 -3.7385165753424667
212 5.97186390410959 14.326534657534252 -3.5267645205479465
213 5.9265852739726 14.101342671232873 -3.4615358219178094
214 5.895945616438357 13.856291164383565 -3.6618930821917792
215 5.951656917808218 13.732458630136986 -3.738609041095891
216 5.906893904109587 13.640546575342466 -3.7397202739726034
217 5.9310773972602755 13.569440616438357 -3.785277260273971
218 6.042379041095889 13.546715410958903 -3.8001876027397286
219 6.152434657534245 13.465513698630135 -3.8317408904109582
220 6.179867739726025 13.413915273972604 -3.920515547945205
221 6.193253424657534 13.327776575342467 -3.994539041095889
222 6.239514657534247 13.217885205479453 -3.969486369863014
223 6.118697945205481 13.15198308219178 -4.122821643835616
224 5.917161712328764 13.111857671232874 -4.195791301369863
225 5.845963493150686 13.023799315068489 -4.2819899999999995
226 5.670051506849314 12.867825410958911 -4.295779931506851
227 5.510171095890412 12.80628034246576 -4.320671438356165
228 5.3627126712328765 12.717267260273971 -4.335062191780824
229 5.192183219178081 12.75157438356164 -4.3138030821917805
230 5.0761739726027395 12.824386232876707 -4.30950404109589
231 4.869889520547944 12.959678904109591 -4.2971994520547945
232 4.667043561643832 13.05151965753425 -4.227873013698629
233 4.601013561643833 13.087789315068491 -4.115935136986299
234 4.653634999999999 13.112317671232876 -3.9668215753424647
235 4.790665479452056 13.298895753424663 -3.9256510273972616
236 4.974806438356164 13.483127328767123 -3.945429589041097
237 5.189924520547945 13.543386095890414 -3.7977360958904103
238 5.33383109589041 13.471892191780821 -3.5586450684931514
239 5.555244794520545 13.444683150684927 -3.482952602739726
240 5.574448493150687 13.498775821917814 -3.498323150684932
241 5.526024041095889 13.453915616438351 -3.491682191780821
242 5.540784726027397 13.3031848630137 -3.471250136986302
243 5.518736986301371 13.006792602739733 -3.6283589726027388
244 5.6077800684931525 12.572418630136982 -3.5683195890410975
245 5.760554041095886 12.451102465753422 -3.489415068493152
246 5.867835136986303 12.36009212328767 -3.5297047260273997
247 5.917457876712328 12.25328842465753 -3.641500753424656
248 5.929126369863013 12.086334589041094 -3.697512123287672
249 5.967736506849311 11.955783835616442 -3.725752397260273
250 5.893151369863018 11.764120068493149 -3.7370605479452053
251 5.75764321917808 11.538499794520545 -3.7491430821917806
252 5.593899657534248 11.50848732876712 -3.6946204109589047
253 5.575822054794519 11.526595479452055 -3.639221986301369
254 5.696994726027394 11.502286986301373 -3.683155684931506
255 5.83612205479452 11.38709171232877 -3.7031144520547956
256 5.854424520547942 11.24011938356164 -3.5858518493150697
257 5.704191575342464 11.08256020547945 -3.528179794520547
258 5.561123561643835 11.076218835616446 -3.529719726027397
259 5.531271164383556 11.19591130136986 -3.5088310958904105
260 5.533875616438357 11.245961232876715 -3.4140288356164397
261 5.404286232876713 11.249357123287673 -3.333644041095891
262 5.329167191780821 11.334732054794522 -3.2331118493150672
263 5.140095479452052 11.284052945205477 -3.341573219178081
264 5.116870342465752 11.141493150684935 -3.4616660273972606
265 5.263100547945206 11.100041849315073 -3.442869178082193
266 5.350836095890413 11.123413219178087 -3.3163123287671237
267 5.514952054794522 11.095615890410954 -3.1591501369863013
268 5.667680958904109 11.138872397260274 -3.083749520547945
269 5.670819041095891 11.173436780821923 -3.2143573972602737
270 5.651862534246576 11.290626095890405 -3.4635203424657544
271 5.731704794520548 11.470799726027401 -3.6696064383561646
272 5.806761095890408 11.541163767123281 -3.732247191780821
273 5.904475342465757 11.705022808219185 -3.8346143150684924
274 6.052812328767121 11.722162808219176 -3.8163726712328763
275 6.135953972602742 11.822092397260274 -3.9423946575342463
276 6.188178493150685 11.917697671232878 -4.044614520547944
277 6.264653219178082 11.955839041095892 -4.100384931506849
278 6.5220678082191785 12.0857948630137 -4.071609794520548
279 6.821848835616438 12.343776438356164 -4.1932819178082195
280 7.068725410958905 12.5403748630137 -4.203624246575341
281 7.247283150684934 12.607257054794516 -4.143689315068492
282 7.297094657534248 12.660095205479447 -4.0964802739726025
283 7.304294520547946 12.550299109589046 -4.093909315068494
284 7.324512191780819 12.485464931506844 -4.055833630136988
285 7.286938219178083 12.459294863013692 -4.011554589041096
286 6.952450479452058 12.33622013698631 -3.99232397260274
287 6.532130342465753 12.367190616438352 -4.079620136986302
288 6.186802876712334 12.491900000000006 -4.195139794520549
289 5.958451232876713 12.530386506849311 -4.395632739726027
290 5.871769589041099 12.577826986301375 -4.57254212328767
291 5.837460205479453 12.605544041095891 -4.732781369863014
292 5.83028390410959 12.707945753424653 -4.887616849315069
293 5.799267260273968 12.841949041095887 -5.060476643835617
294 5.775166506849317 12.827638835616439 -5.219068767123288
295 5.802207397260273 12.776366712328764 -5.261316027397259
296 5.635471780821918 12.773787945205472 -5.41278205479452
297 5.530891849315068 12.736686506849308 -5.635154657534246
298 5.495508835616434 12.803320410958909 -5.925733219178085
299 5.550131712328771 12.820617328767122 -6.205850273972602
300 5.717188493150682 12.86435753424657 -6.468461027397259
301 5.815436164383568 12.83519184931507 -6.593080205479452
302 5.942046917808223 12.841260616438348 -6.700087397260274
303 6.127822876712328 12.672614657534242 -6.878208767123284
304 6.15121671232877 12.47388308219178 -6.843115890410956
305 6.313284794520546 12.328843972602739 -6.804668150684931
306 6.439097054794518 12.310136438356158 -6.6538763013698645
307 6.635119726027396 12.185820890410955 -6.5649406164383555
308 6.835271095890408 12.138738424657536 -6.700582123287673
309 6.994778767123288 12.018334931506846 -6.902360890410958
310 7.1297117808219195 12.02195089041096 -7.0277101369862995
311 7.19266698630137 12.15031205479452 -7.125917671232878
312 7.126703630136985 12.224903356164383 -7.054770068493152
313 7.092644589041096 12.19997753424657 -6.939809246575341
314 7.127111232876711 12.159855136986307 -7.115599383561641
315 7.171578698630139 12.09594335616438 -7.359452054794519
316 7.174302808219177 12.15318979452055 -7.6426971917808215
317 7.242372191780822 12.155285410958905 -7.79410308219178
318 7.299731506849317 12.111908972602745 -7.900378835616439
319 7.410591095890413 12.152631164383557 -7.914502465753427
320 7.242249383561642 12.384606986301375 -7.920850136986299
321 7.133613698630135 12.501151712328769 -7.933852465753423
322 7.109849178082194 12.528292808219177 -7.968270958904109
323 7.005972260273971 12.323078082191781 -7.896871917808221
324 6.956669041095889 12.216724315068486 -7.87806363013699
325 6.878390821917809 12.146420342465754 -7.760193904109589
326 6.644510547945205 12.035186438356162 -7.6844217123287635
327 6.431415410958903 11.95681136986302 -7.545798493150681
328 6.238659520547946 11.980821095890409 -7.45063191780822
329 5.926423561643837 12.103830136986302 -7.352473424657534
330 5.74410938356164 12.249927397260283 -7.241883219178079
331 5.507331917808222 12.345970342465753 -7.1819415068493155
332 5.297407397260273 12.234341164383565 -6.986907191780824
333 5.213551575342465 12.167515479452062 -6.823966438356164
334 5.198969657534248 12.137647602739728 -6.7718940410958925
335 5.097663698630138 12.22785773972603 -6.825108561643836
336 5.030752876712329 12.279155136986306 -6.8085226712328755
337 5.042606164383563 12.176312328767125 -6.837470273972603
338 5.099743561643837 12.16390684931507 -6.683696095890407
339 5.292699726027394 12.177146849315069 -6.613722397260274
340 5.441272191780822 12.020646712328768 -6.658835684931507
341 5.6552069178082185 11.916467739726032 -6.743686369863012
342 5.796556575342462 11.907473493150686 -6.813984726027399
343 5.921186917808218 11.927433630136987 -6.7886953424657515
344 5.98113273972603 12.016690616438357 -6.7403497260273975
345 5.890882534246572 11.970919589041097 -6.793098767123287
346 5.785351506849314 11.86145890410959 -6.780518424657535
347 5.837175479452057 11.868374999999999 -6.667400410958904
348 5.889961438356166 11.851358287671236 -6.634104452054793
349 5.9793230136986315 11.748518835616435 -6.582968561643837
350 6.1462030136986305 11.671374041095893 -6.515472671232875
351 6.283679041095894 11.666803219178083 -6.613451643835617
352 6.409783219178081 11.622862534246579 -6.605974726027401
353 6.642516849315068 11.659248287671232 -6.5668978767123285
354 6.9231692465753385 11.772077671232871 -6.422989657534247
355 7.2134521232876745 11.945321712328763 -6.258857465753424
356 7.242396506849316 11.913523630136986 -5.988313698630135
357 7.051814863013696 11.859659794520551 -5.768868082191779
358 6.995244657534246 11.71819623287671 -5.567921164383561
359 7.102641232876712 11.635936575342464 -5.281740684931507
360 7.29953801369863 11.592908150684933 -5.06378698630137
361 7.409432191780822 11.67427006849315 -4.913083767123288
362 7.456518013698633 11.813466369863008 -4.842828150684929
363 7.5219489041095855 11.886822808219181 -4.9385674657534295
364 7.6464701369862995 11.92753849315069 -5.051784109589041
365 7.772944520547945 12.073668904109589 -5.199764315068492
366 7.830271849315074 12.235431301369859 -5.202081780821918
367 7.875452123287668 12.165525958904109 -5.1584439726027425
368 7.919406027397258 12.131700479452054 -5.090121232876716
369 8.005759315068488 12.071167397260268 -5.069443082191784
370 8.186580068493154 11.915361712328762 -5.144526506849315
371 8.269268972602738 11.796590410958906 -5.186062945205482
372 8.454119041095888 11.742033767123294 -5.176043356164386
373 8.67161246575343 11.723747739726024 -5.281800616438357
374 8.797171438356163 11.674206643835618 -5.34415801369863
375 8.761634657534247 11.53366280821918 -5.296501164383562
376 8.65808458904109 11.53895780821918 -5.305854726027395
377 8.7210698630137 11.459676438356167 -5.212460273972604
378 8.883147397260268 11.342244383561638 -5.1607439726027415
379 9.05113493150685 11.351624178082192 -5.221694109589041
380 9.027880958904113 11.468899383561645 -5.290818493150681
381 8.96284910958904 11.57711095890411 -5.448729726027398
382 9.000457191780821 11.627300890410964 -5.63510205479452
383 9.070442191780826 11.683988835616432 -5.769790616438356
384 9.156042054794524 11.625818904109597 -5.879060479452057
385 9.282641095890407 11.671700136986306 -5.985004383561642
386 9.386897534246575 11.698388013698626 -6.085771506849316
387 9.530624452054798 11.705771643835618 -6.176765068493151
388 9.508949726027403 11.738050479452056 -6.171075821917809
389 9.461300547945203 11.75272609589041 -6.209529041095889
390 9.270539999999999 11.776910890410951 -6.304977397260274
391 9.10005410958904 11.67151404109589 -6.32971993150685
392 8.920980342465755 11.40066979452055 -6.317574657534247
393 8.804699931506848 11.092891849315073 -6.263362534246574
394 8.73760253424658 10.82075993150685 -6.210533835616438
395 8.705616849315069 10.691796027397254 -6.147376164383561
396 8.717207739726026 10.716008082191784 -6.104646027397259
397 8.693318356164387 10.731254383561645 -6.111217465753422
398 8.549530821917811 10.732697876712324 -6.190730068493153
399 8.519080273972605 10.659026164383564 -6.310344383561644
400 8.448688287671231 10.65289493150685 -6.525283493150687
401 8.41424794520548 10.532012260273971 -6.687952397260274
402 8.36846883561644 10.503825136986299 -6.7325745890410955
403 8.293047260273973 10.501975410958908 -6.661477945205482
404 8.224556027397258 10.567742123287676 -6.569146438356165
405 8.148754452054794 10.731976438356165 -6.253048835616436
406 8.052184863013704 10.917499726027398 -6.102117054794522
407 8.100494589041098 11.053156438356163 -5.940184863013697
408 8.212979109589039 11.121287808219178 -5.829311712328766
409 8.36506835616438 11.318056369863012 -5.778833219178084
410 8.548704931506853 11.436353972602737 -5.805110068493153
411 8.728891301369867 11.422989383561644 -5.857639452054793
412 8.789673493150682 11.448280753424653 -5.883827534246578
413 8.867467397260274 11.385535410958903 -6.026105821917804
414 8.958010753424652 11.358261917808218 -6.188252945205481
415 8.984081986301373 11.354831849315069 -6.348268150684935
416 8.988614863013696 11.28596883561644 -6.353825821917809
417 8.951310753424659 11.306204931506842 -6.411132397260274
418 8.894894452054796 11.357529726027392 -6.394066301369863
419 8.85811123287671 11.413408082191772 -6.344745273972605
420 8.849492328767122 11.300336164383566 -6.300314178082193
421 8.844027602739734 11.269922191780825 -6.194908561643834
422 8.747821027397258 11.23552732876712 -6.106226369863013
423 8.79945691780822 11.089720410958902 -6.050603493150685
424 8.931695684931508 10.917161643835612 -6.081047671232877
425 8.982578835616438 10.819276643835618 -6.087752739726029
426 9.024763835616447 10.679745410958912 -6.05905616438356
427 9.110309863013697 10.626353356164385 -6.03585328767123
428 8.976762054794518 10.711992739726032 -6.14775191780822
429 8.775202260273973 10.799539383561642 -5.994471849315065
430 8.61916280821918 10.924436849315066 -5.960731917808218
431 8.513476095890415 10.986009246575343 -5.884852671232875
432 8.346675684931503 11.07845006849315 -5.8511667123287685
433 8.324973630136988 11.016348219178086 -5.913482465753425
434 8.543182465753425 11.041429589041092 -6.083369178082191
435 8.752265821917812 11.006670958904106 -6.14640171232877
436 8.818696369863018 11.063864589041097 -6.108117260273976
437 8.761010205479455 11.079261232876712 -6.0795197945205475
438 8.66593260273972 11.114336506849318 -6.137174657534247
439 8.640843835616439 11.074547397260273 -6.300196027397258
440 8.605174931506847 11.105227602739731 -6.5074986986301395
441 8.541861164383558 11.102979246575345 -6.716175684931503
442 8.560388356164388 11.135418904109592 -6.774974109589039
443 8.53597890410959 11.190568835616437 -6.8872663698630125
444 8.42741054794521 11.228305410958901 -6.96041410958904
445 8.30661438356164 11.238706986301375 -6.9582381506849265
446 8.222474315068496 11.217410342465751 -7.004956506849313
447 8.086307739726022 11.196006438356164 -6.991768013698632
448 8.07608602739726 11.218180890410958 -6.9552372602739725
449 8.268492739726026 11.274716506849309 -7.008229589041093
450 8.425541643835619 11.361684452054797 -7.081253630136988
451 8.534340136986303 11.379335547945203 -7.1097359589041105
452 8.501061095890414 11.262751986301367 -7.249169246575343
453 8.424154178082192 11.14267602739726 -7.280439520547948
454 8.341309452054798 11.137308767123285 -7.307783630136985
455 8.231140958904115 11.146167739726032 -7.283846438356165
456 8.024834999999998 11.12841746575343 -7.185256438356165
457 7.76514657534247 10.991915753424658 -7.16176616438356
458 7.7530051369863 10.936631712328767 -7.251446917808219
459 7.783230273972599 10.817473767123293 -7.2392487671232875
460 7.711071027397257 10.718091438356158 -7.158542876712326
461 7.525012123287669 10.676255753424654 -6.951152808219178
462 7.506188150684933 10.646515136986304 -6.74053808219178
463 7.58352239726027 10.70744458904109 -6.511686849315067
464 7.701508356164382 10.802760342465762 -6.290401301369863
465 7.718164863013697 10.875738287671231 -6.155640821917809
466 7.820829041095891 11.029342945205478 -6.047494178082191
467 7.980568356164382 11.081905410958905 -5.949663013698631
468 8.008200547945203 11.1615994520548 -5.86877095890411
469 8.042629452054793 11.241332465753423 -5.833429863013701
470 8.157718493150684 11.312531027397261 -6.141870684931506
471 8.237425410958906 11.267003630136985 -6.427328561643838
472 8.224387739726028 11.253772739726026 -6.663187876712332
473 8.239917123287668 11.191312191780819 -6.905078904109587
474 8.28154390410959 11.131890890410956 -7.122116506849313
475 8.285240616438355 11.038814657534246 -7.435361575342466
476 8.216820479452053 10.991975547945211 -7.664266643835619
477 8.276475753424661 11.06942219178082 -7.74312623287671
478 8.386096780821918 11.123136095890407 -7.821584315068491
479 8.458763767123287 11.134009657534245 -7.973400821917808
480 8.453294657534245 11.115896232876715 -8.023407808219178
481 8.45005691780822 11.016726095890414 -7.913582808219177
482 8.441997054794518 10.840509794520544 -7.6983386986301365
483 8.56924917808219 10.662315205479455 -7.439159109589038
484 8.71958198630137 10.597048835616441 -7.366557876712334
485 8.93900568493151 10.513492808219176 -7.52058794520548
486 9.166398013698629 10.27329602739726 -7.680150753424657
487 9.306577465753417 10.063893698630139 -7.851644863013705
488 9.480796506849318 9.907548698630137 -8.012207260273968
489 9.592578972602743 9.849146849315071 -7.992032328767125
490 9.688657123287669 9.933880205479458 -7.913774246575339
491 9.70743726027397 10.054171643835613 -7.9795593150684905
492 9.649573561643837 10.181548219178088 -7.9578306164383505
493 9.568562397260271 10.424686917808216 -7.889278767123285
494 9.453408013698633 10.479728767123287 -7.959286095890412
495 9.28117815068493 10.577008630136984 -8.017758561643836
496 9.344848835616437 10.595138013698634 -7.962218767123291
497 9.435090958904105 10.478479520547944 -7.885049589041097
498 9.446092260273973 10.492574794520548 -7.883189041095891
499 9.403971712328758 10.430590479452054 -7.940683424657533
500 9.282172123287669 10.531011232876715 -8.030181438356157
501 9.200074999999998 10.688532260273979 -8.24577417808219
502 9.150815068493149 10.732498424657534 -8.486064657534246
503 9.022663630136982 10.771572054794516 -8.533397808219176
504 8.972808013698627 10.815712945205478 -8.532628287671237
505 8.947499246575335 10.877176575342466 -8.423938219178083
506 9.045741438356165 10.939924109589034 -8.274088698630138
507 9.314866438356171 10.960299520547949 -8.180613150684932
508 9.432889315068495 10.943989452054788 -8.128750068493153
509 9.348177054794517 10.974075616438354 -8.19573691780822
510 9.292737054794523 10.988075136986302 -8.322283150684934
511 9.222652602739725 10.9934598630137 -8.4200404109589
512 8.975737945205475 10.964066917808221 -8.399328082191781
513 8.917953698630138 10.990897397260277 -8.37784493150685
514 8.92474787671233 11.154815684931508 -8.3486648630137
515 8.932132739726026 11.234063013698627 -8.329513767123288
516 9.100634657534243 11.371448698630136 -8.32385
517 9.316315136986297 11.435465890410962 -8.41551904109589
518 9.423309246575341 11.394464863013695 -8.49906130136986
519 9.39458890410959 11.31982452054794 -8.65907835616438
520 9.322636849315069 11.268859931506851 -8.702189657534243
521 9.194601986301366 11.306673698630133 -8.729603904109588
522 9.221966095890412 11.409939931506841 -8.78105993150685
523 9.354320136986303 11.412955136986303 -8.83323910958904
524 9.571476164383562 11.425051369863015 -8.90045397260274
525 9.794305136986301 11.415234246575347 -8.908768013698626
526 9.904171506849314 11.443991369863014 -8.919055684931509
527 9.838701027397255 11.55525726027397 -8.82669575342466
528 9.596701780821919 11.586737191780827 -8.79756705479452
529 9.393924931506852 11.632640205479447 -8.758663630136986
530 9.171696780821916 11.697894109589047 -8.766731643835612
531 8.916278561643834 11.704527534246576 -8.855834657534245
532 8.865452123287673 11.657352739726033 -8.968466095890415
533 8.78215349315068 11.639636438356165 -9.06564602739726
534 8.74753335616438 11.658957465753423 -9.104181712328769
535 8.679106095890411 11.550221301369863 -9.11698965753425
536 8.577817328767127 11.427881986301365 -9.076928561643836
537 8.507674109589043 11.338435205479447 -9.028293150684929
538 8.57771568493151 11.260832465753424 -9.018038013698634
539 8.58964109589041 11.11778630136986 -9.067136917808217
540 8.571453698630137 10.917724178082192 -9.061983767123282
541 8.613780753424656 10.667701438356168 -8.980332876712328
542 8.715832123287672 10.361206986301378 -8.808864109589049
543 8.734160273972607 10.15771226027397 -8.77391849315068
544 8.822685890410963 10.041259520547943 -8.844120273972596
545 8.91454328767123 10.032260273972598 -8.863274726027397
546 8.798436849315065 9.988541780821924 -8.796654589041097
547 8.505119109589044 9.885583767123284 -8.632286506849313
548 8.228790547945204 9.736175821917811 -8.539175205479452
549 8.120069041095888 9.630883219178083 -8.299918287671233
550 7.986358767123286 9.58594547945205 -8.191406986301372
551 7.838915273972601 9.570643356164377 -8.224544246575343
552 7.692274931506849 9.469363356164388 -8.355554041095893
553 7.580155890410958 9.380947465753426 -8.583995958904108
554 7.414486301369863 9.272254931506847 -8.738806301369863
555 7.343400136986305 9.343400684931504 -8.785565821917812
556 7.324253630136983 9.549646095890408 -8.833294041095893
557 7.380148082191784 9.599263904109584 -8.786548287671234
558 7.350911027397264 9.519394109589038 -8.650731643835618
559 7.350112808219176 9.307256369863017 -8.524102945205478
560 7.2629006849315125 8.996794520547933 -8.462101164383567
561 7.203321917808217 8.685103904109589 -8.460540547945204
562 6.973578356164382 8.503927328767121 -8.579424657534249
563 6.803355684931508 8.363472671232874 -8.597635616438351
564 6.612872945205479 8.270574041095887 -8.597631506849314
565 6.544665136986303 8.122065890410957 -8.53956438356164
566 6.554126095890413 7.996197739726025 -8.371953972602737
567 6.472588356164385 8.002680547945207 -8.188118698630136
568 6.373260205479455 7.958051232876715 -8.100993972602737
569 6.189643356164381 7.80039609589041 -8.091027602739727
570 6.066061506849317 7.62274294520548 -8.25393363013699
571 5.977738972602741 7.442940890410961 -8.390473835616442
572 5.774395753424658 7.343087260273972 -8.537059315068491
573 5.706861369863015 7.380849178082194 -8.802006232876707
574 5.681015547945206 7.3923386986301365 -9.016073013698621
575 5.574370958904112 7.371823082191785 -9.017142945205482
576 5.4933674657534235 7.2698760273972605 -9.049318287671232
577 5.361879178082192 7.235830684931509 -9.188324999999999
578 5.1567681506849326 7.243058767123289 -9.444281438356164
579 5.004086712328768 7.228947260273973 -9.671459589041097
580 4.890953356164382 7.314798219178081 -9.860214178082192
581 4.772196164383563 7.3901489041095845 -10.072686849315065
582 4.757267808219175 7.432217397260274 -10.159377945205474
583 4.839944452054794 7.317650890410961 -10.244007054794523
584 5.03138191780822 7.234320684931507 -10.371254657534244
585 5.354001164383561 7.252354863013699 -10.453083082191778
586 5.619337602739723 7.277244726027398 -10.439369315068495
587 5.885162671232878 7.34261273972603 -10.44685479452055
588 5.98470171232877 7.344616164383559 -10.489312876712333
589 6.045813424657534 7.420447534246577 -10.633845821917804
590 6.101745342465755 7.557219315068491 -10.784409589041092
591 6.098021712328765 7.5867926712328755 -10.99277034246575
592 6.029761232876714 7.473952191780822 -11.0987051369863
593 5.929042534246574 7.394847328767124 -11.230928561643836
594 5.956090000000001 7.388906438356164 -11.13737965753425
595 6.081146712328768 7.462544931506847 -10.991114589041096
596 6.18604390410959 7.522630684931505 -10.87161657534247
597 6.226252945205476 7.588716095890409 -10.72452479452055
598 6.2278515753424655 7.729135616438359 -10.577134109589041
599 6.1513890410958885 8.041714246575342 -10.50479650684932
600 6.055759931506848 8.312470068493152 -10.372271712328766
601 5.978232054794524 8.444436369863013 -10.108139726027396
602 5.921638424657534 8.500521232876714 -10.021139383561644
603 5.869925616438356 8.539834931506848 -10.089215342465755
604 5.875521095890411 8.477034589041093 -10.24155664383562
605 6.061921780821917 8.393010273972598 -10.26260609589041
606 6.234816917808218 8.362143082191782 -10.3410554109589
607 6.395916301369862 8.170989863013698 -10.510993698630138
608 6.406318972602738 8.106493904109593 -10.759656027397257
609 6.28389102739726 8.125417397260271 -10.901578630136985
610 6.171672191780822 8.108747739726027 -10.995279999999998
611 6.16365171232877 8.076857534246576 -10.96388952054794
612 6.120767808219176 7.9892174657534305 -10.898986301369863
613 6.124185753424657 7.8685535616438385 -10.957848972602738
614 6.097759246575344 7.885172397260271 -11.129616164383563
615 5.951583150684935 7.908562945205476 -11.300411917808221
616 5.8022965068493155 7.88763794520548 -11.499812945205479
617 5.661047465753426 7.917002123287669 -11.629547671232883
618 5.697055821917809 7.85844698630137 -11.694958219178078
619 5.740200547945205 7.851701712328771 -11.626651301369861
620 5.760193013698632 7.917253424657535 -11.46958753424658
621 5.804455342465749 8.051938424657537 -11.189136643835615
622 5.8282318493150695 8.101082123287675 -11.073133698630137
623 5.829950342465753 8.147609178082188 -11.060386438356167
624 5.750341027397262 8.058371369863012 -11.011049041095891
625 5.659660684931508 7.951153630136981 -10.981405000000004
626 5.596480136986303 7.8633381506849345 -10.805132739726027
627 5.481753150684931 7.711460273972603 -10.477956301369858
628 5.2605919178082186 7.641912808219182 -10.272762191780815
629 5.129550616438356 7.668095890410958 -10.291823356164384
630 5.053721164383563 7.648327260273967 -10.393144041095889
631 4.910132534246576 7.611186438356165 -10.4729848630137
632 4.759199589041098 7.594224246575341 -10.35789136986301
633 4.716567876712328 7.53927589041096 -10.325111095890406
634 4.625457260273974 7.503001917808223 -10.20839383561644
635 4.549576712328765 7.481312397260277 -10.001278904109585
636 4.4267694520547956 7.444424178082193 -9.96294191780822
637 4.348027328767125 7.471524999999999 -10.023538356164387
638 4.313338150684932 7.613659726027401 -10.05074301369863
639 4.208252328767125 7.605858972602738 -10.10120273972603
640 4.301836643835616 7.562394657534248 -10.254075342465748
641 4.442337739726029 7.420578493150686 -10.31331424657534
642 4.579314726027396 7.446718835616439 -10.34051321917808
643 4.779002123287673 7.361045753424657 -10.299214452054791
644 4.884700616438354 7.352011232876715 -10.32886636986301
645 4.961640479452055 7.368226849315069 -10.43336116438356
646 4.993729863013697 7.287262191780823 -10.507709383561648
647 5.059235068493149 7.085746369863014 -10.51540506849315
648 5.077425753424661 6.96557767123288 -10.604168356164383
649 5.2070047945205475 6.950845068493148 -10.720105890410958
650 5.28700095890411 6.997689315068491 -10.888951369863017
651 5.129642054794522 6.936986301369863 -10.875845547945207
652 4.940955273972602 6.922107123287671 -10.732479931506845
653 4.7550050000000015 6.77071212328767 -10.664774863013696
654 4.7324456164383575 6.722404794520546 -10.62992773972603
655 4.6471304794520565 6.649836506849315 -10.607036232876714
656 4.477521164383561 6.562243561643836 -10.545679041095893
657 4.331853493150683 6.366671232876713 -10.334568972602735
658 4.327730410958903 6.0685480821917785 -10.295654657534246
659 4.379428424657537 5.822759315068494 -10.306174931506845
660 4.540752739726028 5.723883013698627 -10.243915205479453
661 4.616002945205477 5.655843698630139 -10.121130410958905
662 4.8516608219178075 5.6475698630136995 -10.010668561643838
663 5.007157123287669 5.581226575342468 -9.863031780821915
664 4.941493698630137 5.534770616438355 -9.677023493150683
665 5.082600342465754 5.5116316438356145 -9.571458356164383
666 5.204031027397257 5.595655205479454 -9.53486849315068
667 5.227957602739725 5.608378424657534 -9.620550410958906
668 5.174685616438356 5.645712876712328 -9.685267876712325
669 5.165645479452056 5.761136438356163 -9.868779863013703
670 5.067804657534246 5.8869923972602765 -9.870738424657539
671 4.913726712328763 6.057424520547944 -9.808163150684928
672 4.803109109589043 6.2154953424657515 -9.874530821917809
673 4.617219863013699 6.311029726027397 -9.867282739726024
674 4.64670643835616 6.361241301369864 -9.773916917808219
675 4.731773972602741 6.370574383561644 -9.778142397260273
676 4.772649794520548 6.2185908219178065 -9.823745342465754
677 4.757654931506846 6.108206712328767 -9.957459383561643
678 4.786916232876712 5.941709452054794 -10.125324178082197
679 4.7252491095890425 5.75222808219178 -10.191155821917809
680 4.727278972602742 5.551699657534249 -10.285326849315071
681 4.744046164383562 5.511088424657537 -10.472850342465746
682 4.892562534246575 5.468071506849319 -10.658964452054793
683 5.042142739726027 5.304489657534246 -10.885218219178084
684 5.074106095890411 5.24397904109589 -11.161799452054794
685 4.907784931506852 5.318698424657533 -11.250316849315071
686 4.697557602739725 5.45007294520548 -11.243211917808216
687 4.472466301369862 5.477068835616438 -11.176421506849309
688 4.11952623287671 5.411528630136982 -11.159562671232877
689 3.8482836301369843 5.329228150684929 -11.183620136986296
690 3.641054589041095 5.256367465753427 -11.181762054794522
691 3.595726575342465 5.234908356164383 -11.209847534246572
692 3.6194341095890423 5.250663767123289 -11.276378150684932
693 3.567933219178082 5.18260609589041 -11.400841643835617
694 3.469300136986301 5.002878698630134 -11.543962465753431
695 3.3871126712328765 4.847653904109591 -11.64480767123288
696 3.441747808219177 4.755522739726026 -11.740548835616439
697 3.488169383561644 4.862910890410959 -11.856380068493152
698 3.5210337671232876 5.09754931506849 -11.785948972602739
699 3.541881849315067 5.166013972602739 -11.726085753424663
700 3.4900106164383553 5.1206113013698635 -11.665553424657539
701 3.5383889041095884 5.133913835616437 -11.487662602739722
702 3.6330748630136975 5.2260490410958935 -11.222435958904107
703 3.717587876712329 5.258347876712331 -10.983374246575343
704 3.713744315068494 5.236465205479448 -10.795107534246576
705 3.6513149315068487 5.319991301369862 -10.713249246575344
706 3.5902369178082183 5.51845075342466 -10.782190273972597
707 3.5092344520547933 5.547189383561644 -10.871324109589041
708 3.5166028767123296 5.470908904109586 -11.007977534246573
709 3.4894988356164385 5.322866575342469 -11.119031027397268
710 3.494335684931508 5.257171369863013 -11.272613493150683
711 3.6181463013698623 5.178784520547946 -11.426370753424655
712 3.8350954109589037 5.108104520547943 -11.444910684931509
713 4.007408150684933 4.922389931506849 -11.489178493150686
714 4.151028767123291 4.638803561643834 -11.4719401369863
715 4.2320746575342465 4.457676575342469 -11.37639280821918
716 4.337731506849314 4.370419109589038 -11.293181506849313
717 4.365370616438355 4.393464452054796 -11.329012534246576
718 4.379723219178082 4.45027924657534 -11.173634863013698
719 4.542413082191781 4.453707945205479 -10.93778835616439
720 4.478728287671232 4.5397903424657535 -10.863333013698627
721 4.4642501369862995 4.638587465753427 -10.979895958904105
722 4.573721575342468 4.838808698630136 -11.045277123287674
723 4.51700575342466 4.888113356164384 -11.001811986301362
724 4.343182808219177 4.937671575342465 -10.871012397260268
725 4.130648356164383 4.98979952054795 -10.661242671232875
726 4.146563698630138 4.999796164383565 -10.406566301369862
727 4.226350684931507 4.91915287671233 -10.21499924657534
728 4.239657123287673 4.832499863013697 -9.964853493150681
729 4.342836095890413 4.660078082191781 -9.909404657534242
730 4.416273972602738 4.40326198630137 -9.849024589041093
731 4.3751078082191786 4.19467424657534 -9.703236369863006
732 4.351327602739726 3.989688835616434 -9.575058561643832
733 4.337535821917808 3.689631095890414 -9.480161849315065
734 4.281376095890412 3.545509452054794 -9.390423835616438
735 4.284955890410958 3.414638630136985 -9.255158561643839
736 4.3063095890411 3.348022808219178 -9.251114520547945
737 4.226215753424659 3.317799246575342 -9.317627397260273
738 4.07857095890411 3.2706654794520547 -9.401506164383559
739 4.039933219178083 3.18083404109589 -9.54840636986301
740 4.2136257534246555 3.0892378082191785 -9.741756986301368
741 4.401772945205481 3.1053321232876714 -9.891380410958904
742 4.526830821917809 3.1137528082191785 -10.087301917808214
743 4.643785547945204 3.0771361643835604 -10.211287671232878
744 4.6938875342465725 3.0897608904109584 -10.193350958904109
745 4.611495273972604 3.068755684931506 -10.263402465753417
746 4.54489904109589 2.992046095890412 -10.34721130136986
747 4.436552534246577 3.020496506849315 -10.267083013698635
748 4.45821089041096 2.872768013698629 -10.188001986301368
749 4.444058424657533 2.7020806164383573 -10.313818767123283
750 4.281408698630135 2.547206027397262 -10.412595205479452
751 4.278202945205479 2.5206120547945203 -10.494995000000005
752 4.334855136986301 2.471360273972602 -10.490470547945211
753 4.38884006849315 2.480431438356165 -10.501399589041096
754 4.3409891095890405 2.5075646575342487 -10.521883904109593
755 4.402293767123282 2.3778419863013704 -10.523876575342463
756 4.522655821917811 2.1760089041095885 -10.694500479452053
757 4.6103969178082185 1.8569043150684938 -10.845445684931507
758 4.873982123287671 1.7010777397260277 -10.883963150684933
759 5.059924452054795 1.661401164383562 -10.826246301369862
760 5.199952534246578 1.6444576712328767 -10.673557328767126
761 5.282282808219183 1.6728122602739723 -10.616646506849314
762 5.270393698630137 1.6728955479452048 -10.557813630136982
763 5.165357808219177 1.6556659589041098 -10.69956712328767
764 5.205826712328768 1.7009386986301354 -10.809324863013702
765 5.253362876712329 1.7395472602739739 -10.850747328767119
766 5.189416712328765 1.6373260958904101 -10.992241986301373
767 5.200947260273976 1.502624794520547 -11.216986095890414
768 5.1343040410958904 1.4706617808219176 -11.307813150684934
769 5.174672465753425 1.4209669863013699 -11.410252123287679
770 5.141129999999998 1.3986370547945208 -11.439544726027394
771 4.9701589041095895 1.3732129452054795 -11.457559794520549
772 4.752267876712329 1.3360473972602738 -11.504779520547944
773 4.567659452054796 1.3613714383561641 -11.592644246575345
774 4.472645136986301 1.3373156164383562 -11.77916561643836
775 4.40162609589041 1.32421595890411 -11.937221027397259
776 4.37011979452055 1.3033319863013695 -11.944024246575339
777 4.276616849315066 1.2917793835616433 -12.001022876712323
778 4.1432934931506855 1.2980560273972601 -12.214708972602738
779 4.0653469863013685 1.2681134246575345 -12.414442876712327
780 4.093676027397259 1.2941580136986295 -12.530261643835614
781 4.171579726027398 1.2975413698630143 -12.479906780821912
782 4.027541164383564 1.301965000000001 -12.445136506849316
783 3.9672669178082165 1.272925684931507 -12.402293219178084
784 4.059642602739726 1.1690674657534248 -12.385273150684935
785 4.148247739726028 1.1102607534246585 -12.363938356164384
786 4.281019863013698 1.0907652054794519 -12.312458424657535
787 4.309028561643835 1.1594197945205478 -12.284053150684935
788 4.1943276712328785 1.2340186301369866 -12.364780068493154
789 4.1256206849315085 1.338580136986301 -12.548707054794521
790 4.153398698630139 1.3809891095890414 -12.61080191780821
791 4.244205890410963 1.2750654794520544 -12.511523219178082
792 4.2085557534246565 1.1645050000000006 -12.421603561643838
793 4.161671369863013 1.0861235616438365 -12.340662465753425
794 4.073723219178085 0.9798470547945204 -12.39686534246575
795 3.9836582191780807 1.0449978082191782 -12.563587465753425
796 3.9422330821917804 1.1183763013698629 -12.767176164383564
797 3.9589459589041107 1.3006004109589047 -12.712526849315068
798 3.967497465753423 1.4833186301369858 -12.57729349315069
799 3.8443726027397247 1.6141321232876724 -12.410895205479457
800 3.722352465753424 1.8776273287671243 -12.262980890410967
801 3.612960136986302 2.2139689726027387 -12.207389178082188
802 3.5237810273972587 2.510521301369864 -12.073357602739728
803 3.3463090410958913 2.7939158904109593 -12.054959726027406
804 3.165965 3.08532383561644 -12.069436780821924
805 3.195200068493151 3.2829443150684923 -12.138057671232879
806 3.1765090410958896 3.2880406164383555 -12.198715753424663
807 3.2252911643835622 3.3421422602739734 -12.359347260273966
808 3.267643356164383 3.335793493150684 -12.574706164383567
809 3.119132808219178 3.187989178082192 -12.68253369863013
810 3.0685124657534257 3.078641712328768 -12.951609657534242
811 2.9952221232876703 2.917158630136985 -13.241468835616438
812 3.0110234246575347 2.8589542465753426 -13.407731438356166
813 3.0685746575342474 2.9127130136986294 -13.327656369863018
814 3.1647952054794533 2.912193835616438 -13.260732602739719
815 3.2931358904109596 2.9589532191780825 -13.169884520547946
816 3.5442948630136986 2.889997876712329 -13.182531164383558
817 3.839531438356166 2.7289053424657532 -13.371009931506851
818 4.033731164383565 2.6578758904109585 -13.404159863013703
819 4.297037054794521 2.5484152739726027 -13.294638904109593
820 4.482447191780824 2.376711506849315 -13.179128493150687
821 4.472398561643834 2.1080987671232867 -13.038633013698625
822 4.512058150684932 1.9274760958904107 -12.91265671232877
823 4.6427403424657525 1.7306404109589044 -12.793787191780824
824 4.764469383561645 1.6285295890410962 -12.767546301369869
825 4.714359657534246 1.5333686986301371 -12.822550205479448
826 4.819713013698627 1.5762570547945207 -12.834246232876714
827 4.809327328767124 1.6572613698630139 -12.749977534246575
828 4.7882321917808195 1.6526049315068492 -12.874664931506855
829 4.761965410958906 1.5050969863013703 -12.931697397260274
830 4.727881917808219 1.3900928767123297 -12.812848698630141
831 4.5893520547945235 1.3618987671232874 -12.800606780821921
832 4.579513835616436 1.2895403424657528 -12.885484520547946
833 4.761622054794519 1.366470890410959 -12.814456301369862
834 4.9800208219178055 1.4071289041095885 -12.60585636986302
835 5.135220342465751 1.3780958219178074 -12.5007298630137
836 5.1218490410958895 1.3217427397260266 -12.537989931506853
837 5.150313904109587 1.193344931506849 -12.670227739726025
838 5.162763424657532 1.1265021917808211 -12.720399863013698
839 5.1295510958904105 1.1738399315068495 -12.810606301369862
840 4.993674589041098 1.3755519863013694 -12.997385684931508
841 4.762878356164382 1.5572443150684927 -13.20553952054794
842 4.572437123287671 1.6429129452054794 -13.353596849315071
843 4.540201438356165 1.7506766438356165 -13.491680547945204
844 4.41457191780822 1.8931908904109584 -13.58483541095891
845 4.206136849315071 2.0818873287671242 -13.669581780821915
846 3.996717465753424 2.2061589726027404 -13.675253767123289
847 3.6618233561643843 2.2860961643835607 -13.748278835616443
848 3.4197845205479442 2.3991047260273968 -13.750584246575347
849 3.262164452054792 2.553064520547946 -13.796513013698632
850 3.2103845890410962 2.71385308219178 -13.762768424657533
851 3.1069630136986315 2.6726674657534244 -13.677384794520544
852 3.1895899999999986 2.479788424657534 -13.674577808219182
853 3.324405136986302 2.3213163698630144 -13.626908356164389
854 3.5004941095890403 1.9648132876712323 -13.623164383561646
855 3.7056035616438345 1.4764011643835615 -13.687205342465752
856 3.8249818493150687 0.983016712328767 -13.808929041095885
857 4.040777739726028 0.6361367123287673 -13.946551164383564
858 4.206240273972605 0.34598424657534216 -13.989394452054794
859 4.259057054794521 -0.0001046575342465188 -14.079939589041091
860 4.210049999999999 -0.36044136986301367 -14.162392945205482
861 4.1147682191780826 -0.5593785616438353 -14.209103219178086
862 4.123147397260274 -0.6995732876712326 -14.372475547945205
863 4.051629794520548 -0.744304657534247 -14.479391027397261
864 3.9750865068493155 -0.6950671232876714 -14.607329589041097
865 3.7901102054794538 -0.7325162328767121 -14.859515342465752
866 3.7049131506849315 -0.679314315068493 -15.099029452054797
867 3.6518844520547953 -0.6614200684931507 -15.240885068493158
868 3.6925630821917803 -0.7156415753424656 -15.229151369863018
869 3.738126301369863 -0.5061565068493151 -15.281773013698636
870 3.6937132876712337 -0.2954701369863014 -15.226800890410964
871 3.6693552739726036 -0.25430657534246576 -15.20417520547945
872 3.7664209589041073 -0.14561109589041096 -15.301100205479448
873 3.7964621917808232 -0.03639910958904093 -15.37916520547945
874 3.54132212328767 0.12802890410958911 -15.4371758219178
875 3.3032613698630136 0.17377595890410974 -15.555821643835609
876 3.1399098630137012 0.19643582191780803 -15.503723219178084
877 2.8850691780821904 0.268095890410959 -15.530174589041094
878 2.625071643835616 0.3456004109589041 -15.6059651369863
879 2.5035905479452056 0.3663812328767124 -15.808537945205485
880 2.4666700684931495 0.43315253424657535 -15.98398917808219
881 2.4265853424657533 0.518531301369863 -16.122645547945204
882 2.363771164383562 0.6799857534246576 -16.104929589041088
883 2.3193252054794526 0.789720821917808 -16.139199931506845
884 2.306372260273973 0.7797543150684938 -16.24525739726028
885 2.2823047260273963 0.8648111643835624 -16.345512739726026
886 2.274841438356164 0.85293595890411 -16.51388273972603
887 2.232966438356164 0.8882446575342462 -16.546072808219186
888 2.2371818493150686 0.9719322602739725 -16.52192746575342
889 2.276744178082191 1.0065765068493149 -16.527011575342467
890 2.4748284246575345 0.9762073287671236 -16.585801095890417
891 2.6377301369863018 0.8637965068493144 -16.67788034246575
892 2.627146369863015 0.8082432876712327 -16.891029794520545
893 2.569245273972603 0.8098813698630136 -17.00504102739727
894 2.532890000000001 0.790218356164383 -17.075632260273967
895 2.5486600000000004 1.0085973287671246 -17.09807767123288
896 2.534774315068493 1.2923743150684939 -17.064987054794518
897 2.5852555479452053 1.5821339726027392 -17.044158356164385
898 2.6483904794520536 1.757986027397259 -16.951729246575358
899 2.7185838356164393 1.8165936301369863 -16.7215195890411
900 2.677052602739726 1.820402876712329 -16.537608835616446
901 2.763367465753425 1.9177539726027404 -16.58284993150686
902 2.937229863013699 1.9790448630136996 -16.667569452054796
903 2.942875616438356 2.0121415753424636 -16.844614589041093
904 3.0583197260273978 1.8848515068493148 -16.94063890410959
905 3.116694520547945 1.902349726027397 -16.96790835616438
906 3.1889549999999987 2.0780651369863015 -16.94289815068493
907 3.337099794520546 2.085172054794521 -16.90484226027397
908 3.399563835616439 1.9363041095890414 -16.970476643835624
909 3.4377708219178076 1.8798341780821917 -16.97003773972603
910 3.4995885616438374 1.904511095890411 -17.03866239726027
911 3.544527397260273 2.058246575342467 -17.148774863013706
912 3.586353561643835 2.346368493150684 -17.194909383561644
913 3.600892465753425 2.540867465753424 -17.380788561643836
914 3.61023212328767 2.570524520547945 -17.561777465753426
915 3.55760280821918 2.5554916438356163 -17.661515136986306
916 3.592194452054795 2.5397213698630137 -17.810457191780824
917 3.6038189726027396 2.487768835616437 -17.844251438356164
918 3.655583835616439 2.4624001369863007 -17.873555616438352
919 3.590869041095893 2.5217563698630134 -17.761515684931513
920 3.4251633561643833 2.6716775342465753 -17.62264945205479
921 3.3137532191780816 2.7675630821917814 -17.53674794520548
922 3.2700953424657535 2.7994277397260277 -17.391235684931488
923 3.319112876712328 2.742513356164383 -17.29690691780822
924 3.4317273287671233 2.8097380136986305 -17.16522712328768
925 3.448258493150686 2.866167876712329 -17.06905732876712
926 3.4227747945205484 2.8874432876712333 -16.993211712328765
927 3.4536458219178092 2.773166986301369 -16.986589863013698
928 3.4629926027397273 2.679346095890411 -16.96175595890411
929 3.429442602739727 2.741641575342466 -17.000990342465748
930 3.547130616438354 2.875544041095889 -16.9874994520548
931 3.6329588356164386 2.934460136986303 -16.854473698630134
932 3.660078287671232 2.9130815753424666 -16.77135712328767
933 3.657505273972605 2.911826301369863 -16.822119246575355
934 3.69226712328767 2.9666100684931496 -16.811535342465756
935 3.758589452054794 2.9632776027397254 -16.999054315068495
936 3.692446232876712 3.1091684246575344 -17.131656643835623
937 3.731634452054795 3.2555810273972616 -17.03964712328766
938 3.8500169863013682 3.364908698630138 -16.948497328767125
939 3.9984684931506824 3.5932795890410945 -16.784645821917803
940 4.011829726027398 3.7883473287671263 -16.636603972602746
941 3.92113383561644 4.094027123287671 -16.375792465753428
942 3.825589589041095 4.324049931506847 -16.268379657534243
943 3.693908904109589 4.548875547945205 -16.068408150684927
944 3.5814429452054792 4.618881164383561 -16.01906342465753
945 3.521640958904108 4.795508630136987 -15.932690479452065
946 3.450612397260276 4.880808904109591 -15.859168424657545
947 3.29250904109589 4.922301917808218 -15.869233287671229
948 3.14859698630137 4.918754520547944 -15.935567534246573
949 3.0488414383561646 4.839659383561644 -15.97382842465754
950 2.9646062328767133 4.686620479452054 -15.991287465753427
951 2.7980006849315067 4.681747602739727 -15.988209178082197
952 2.526986506849316 4.6720069178082175 -15.956195753424655
953 2.3516884246575347 4.647275410958904 -16.022412191780827
954 2.3047782876712333 4.526849452054797 -16.030081849315067
955 2.3066805479452057 4.5494940410958895 -16.06100863013698
956 2.3927447260273977 4.456252671232876 -16.042623150684932
957 2.4984968493150683 4.460019794520548 -15.89930849315069
958 2.5079427397260257 4.408859452054794 -15.776015753424652
959 2.427966780821916 4.432370821917804 -15.781031506849315
960 2.391493835616437 4.587562260273972 -15.87250931506848
961 2.366206438356164 4.68625965753425 -15.888859726027405
962 2.343346712328767 4.740588835616438 -15.86155602739726
963 2.358078630136987 4.68130883561644 -15.87593931506849
964 2.3350234931506852 4.778130410958902 -15.996779109589038
965 2.383655479452054 4.815003424657533 -16.10067219178082
966 2.413295410958904 4.678207739726025 -16.13222602739726
967 2.4408396575342453 4.506390890410958 -16.111448150684936
968 2.5191625342465755 4.415590205479451 -16.173194863013705
969 2.5400769178082183 4.438132260273972 -16.289140410958908
970 2.6752289726027403 4.558921164383559 -16.39754938356166
971 2.8179315068493147 4.688192260273973 -16.379157602739728
972 2.9332339726027388 4.828605616438356 -16.496069246575335
973 3.144335821917808 4.952543904109589 -16.797276780821917
974 3.234645753424658 4.968604863013698 -16.958117534246576
975 3.374221164383562 4.878228424657536 -17.024670821917812
976 3.464396849315069 4.78474821917808 -16.880277123287666
977 3.4631070547945213 4.733736712328767 -16.649405000000005
978 3.489003424657534 4.547311232876713 -16.54892636986302
979 3.5195775342465763 4.551358904109589 -16.469975205479447
980 3.5144482191780826 4.584096780821916 -16.43851828767123
981 3.4717561643835633 4.537919794520549 -16.566126712328764
982 3.5218041095890404 4.501772054794522 -16.639326369863017
983 3.5977965753424668 4.337202671232878 -16.56312082191781
984 3.6010755479452055 4.1797801369863015 -16.447899041095894
985 3.489348287671233 4.145650479452052 -16.278111575342468
986 3.29291582191781 4.051982465753423 -16.13183095890411
987 3.1910377397260286 3.9981684246575355 -15.921598219178076
988 3.2218717808219166 3.9870647945205486 -15.73305068493151
989 3.254613424657534 4.018878630136986 -15.67787438356165
990 3.1998137671232882 4.034714863013698 -15.666976232876719
991 3.0540497260273973 4.001002397260274 -15.704685273972622
992 2.8573615068493177 4.016983424657534 -15.703137534246576
993 2.662408219178083 4.175420205479451 -15.740490342465748
994 2.6077472602739715 4.38045589041096 -15.994642328767126
995 2.532977397260273 4.443068767123284 -16.21906123287671
996 2.464162739726029 4.417129657534246 -16.40874671232877
997 2.3992983561643837 4.343696575342467 -16.523055136986297
998 2.4218758904109596 4.2558580136986315 -16.59021506849315
999 2.4944884931506834 4.1542449999999995 -16.623491301369867
0 7.254721986301368 8.221907945205482 0.06473424657534242
1 7.266699657534245 8.08776178082192 0.10803363013698611
2 7.2527660958904105 7.815262534246575 0.1347101369863014
3 7.313741917808219 7.73134589041096 0.1705421232876706
4 7.3905947260274 7.630782808219181 0.15123198630136953
5 7.381403356164385 7.673118219178084 0.15491479452054702
6 7.327524726027396 7.671511232876707 0.059850136986301615
7 7.355778698630136 7.712533082191774 -0.08637219178082262
8 7.290734178082192 7.876729315068494 -0.3138354109589039
9 7.1304984246575325 8.029028835616437 -0.3645586986301368
0 7.254721986301368 8.221907945205482 0.06473424657534242
1 7.266699657534245 8.08776178082192 0.10803363013698611
2 7.2527660958904105 7.815262534246575 0.1347101369863014
3 7.313741917808219 7.73134589041096 0.1705421232876706
4 7.3905947260274 7.630782808219181 0.15123198630136953
5 7.381403356164385 7.673118219178084 0.15491479452054702
6 7.327524726027396 7.671511232876707 0.059850136986301615
7 7.355778698630136 7.712533082191774 -0.08637219178082262
8 7.290734178082192 7.876729315068494 -0.3138354109589039
9 7.1304984246575325 8.029028835616437 -0.3645586986301368
10 6.944479931506846 8.067595136986302 -0.4939757534246576
11 6.89539075342466 8.065775342465756 -0.5734700000000001
12 6.838958013698632 8.22896897260274 -0.6304290410958906
13 6.694628630136985 8.351567465753426 -0.6775212328767121
14 6.675911164383563 8.463650410958902 -0.6046413013698633
15 6.54042219178082 8.556474657534245 -0.6087420547945206
16 6.292294931506848 8.588167534246574 -0.7408513698630139
17 6.1646521917808235 8.582878287671228 -0.8648430821917807
0 7.254721986301368 8.221907945205482 0.06473424657534242
1 7.266699657534245 8.08776178082192 0.10803363013698611
2 7.2527660958904105 7.815262534246575 0.1347101369863014
3 7.313741917808219 7.73134589041096 0.1705421232876706
4 7.3905947260274 7.630782808219181 0.15123198630136953
5 7.381403356164385 7.673118219178084 0.15491479452054702
6 7.327524726027396 7.671511232876707 0.059850136986301615
7 7.355778698630136 7.712533082191774 -0.08637219178082262
8 7.290734178082192 7.876729315068494 -0.3138354109589039
9 7.1304984246575325 8.029028835616437 -0.3645586986301368
10 6.944479931506846 8.067595136986302 -0.4939757534246576
11 6.89539075342466 8.065775342465756 -0.5734700000000001
12 6.838958013698632 8.22896897260274 -0.6304290410958906
13 6.694628630136985 8.351567465753426 -0.6775212328767121
14 6.675911164383563 8.463650410958902 -0.6046413013698633
15 6.54042219178082 8.556474657534245 -0.6087420547945206
16 6.292294931506848 8.588167534246574 -0.7408513698630139
17 6.1646521917808235 8.582878287671228 -0.8648430821917807
