0 [15.36432758 14.93676246 13.84291124]
1 [12.87953327 12.99541298 11.1847899 ]
2 [11.22091287  9.55995697  9.25389147]
3 [9.02549318 7.99617775 6.97518933]
4 [7.06394908 5.47674029 5.76964798]
5 [11.10538847  9.79126634  9.7794519 ]
6 [10.98743084  9.67192924 10.19100996]
7 [10.14573376  9.21409462  9.29521464]
8 [10.58708437  9.32956458  9.8370818 ]
9 [10.23745918  9.19334405 10.31012918]
10 [10.90626384  9.69184802 10.69518791]
11 [10.79529227  9.63586338 11.44744792]
12 [10.74585601  9.79739557 11.15597791]
13 [10.69174934  9.67089039 11.71452692]
14 [11.4697836  10.41297541 12.94552138]
15 [12.00590841 11.46589163 13.69859519]
16 [11.67639165 10.22732743 12.51083069]
17 [11.89168052 11.1404585  14.31224392]
18 [10.92664169 10.89917349 13.90711146]
19 [11.80580305 10.43307635 14.22554485]
20 [11.78333239 11.2998889  14.40566131]
21 [12.29189159 11.77888213 15.82581594]
22 [12.03922858 10.91082499 15.39941151]
23 [11.20566343 10.21061175 14.67524948]
24 [11.50446813 10.46340292 13.93255531]
25 [11.56689078 10.46775906 13.39800268]
26 [11.99028061 10.95571173 13.86654484]
27 [12.13875661 11.27397127 13.43548385]
28 [11.7368182  10.97863645 13.70254487]
29 [11.19365504 10.35372332 13.16835484]
30 [12.07086926 10.94060354 13.18148997]
31 [11.88162001 10.91730657 13.67931253]
32 [11.68870499 10.92936606 14.01945082]
33 [11.96676237 10.76900896 12.89711738]
34 [12.75210795 11.41110359 13.75215528]
35 [12.21967219 11.34592682 13.18985908]
36 [11.25240981 11.05515735 13.8624166 ]
37 [11.97438417 10.41928446 14.3012488 ]
38 [12.22623845 10.5803173  13.35490429]
39 [11.31461013 10.41532345 12.81826292]
40 [10.97197036 10.30233465 12.65548266]
41 [10.62715692  9.83936063 12.21432052]
42 [10.62372136  9.99464371 13.32261908]
43 [10.61880381 10.0873747  12.4843222 ]
44 [10.21711034  9.47401103 12.44169068]
45 [11.13556873 10.4206698  13.60686432]
46 [11.65099005 10.5494844  12.52397524]
47 [11.37546718 10.74860467 12.37839307]
48 [12.48459781 11.34400754 12.66013254]
49 [12.23905241 11.5088509  12.87641786]
50 [11.77847871 11.27457487 12.08698638]
51 [11.65338309 11.0726546  12.14624584]
52 [11.46649331 12.07405005 13.06101879]
53 [12.3359504  11.4560796  13.13271311]
54 [11.17745865 11.26923321 12.1748591 ]
55 [12.24726702 11.90981105 12.98494243]
56 [12.08673275 11.03018814 13.16609682]
57 [12.61015954 12.27361606 13.32329301]
58 [12.41077091 11.85442284 14.10315414]
59 [12.02488213 11.54563911 13.96617061]
60 [12.77827921 12.1428008  14.72589685]
61 [12.37245985 12.13910733 14.62802146]
62 [12.36258311 11.37211692 14.93859523]
63 [12.9901733  12.4222755  14.96506298]
64 [13.01565741 12.31615048 15.17892766]
65 [13.34671831 12.64686683 15.3825644 ]
66 [13.90964178 12.86441288 15.70554248]
67 [13.88465274 12.93898108 15.90116054]
68 [13.72135181 12.92898081 16.2928779 ]
69 [13.7453518  12.94138535 16.10211125]
70 [13.23924891 11.84769298 15.38810229]
71 [13.5760744  12.29709197 15.46907423]
72 [13.76790077 13.02826954 15.06832553]
73 [12.75450796 12.08720613 15.20824785]
74 [13.15555672 12.29022892 15.39072672]
75 [13.59207685 12.17234152 14.56584257]
76 [12.79147722 12.54288753 15.1798189 ]
77 [12.75447064 11.64832897 15.94546767]
78 [12.5788276  10.84349911 15.46109025]
79 [11.952527   10.21486485 15.38177352]
80 [11.67781281 11.17512381 15.60622322]
81 [11.9669175  10.81061799 15.86495171]
82 [11.3134686  10.37961501 15.29079134]
83 [11.28574978 10.25201263 15.14001881]
84 [11.16357658  9.78121789 16.10536474]
85 [12.16760358 11.20532676 15.63021717]
86 [11.07438641 10.34056051 15.85245505]
87 [11.98710712 10.47681315 15.92866148]
88 [11.70020347  9.90751974 15.4159166 ]
89 [11.47896928  9.92078572 15.95340352]
90 [11.25433613  9.09692353 15.54225606]
91 [11.39050747  9.49742929 14.85632619]
92 [11.23359792  9.45809951 15.53014235]
93 [11.54329813  9.2274844  15.62798153]
94 [11.67724883  9.32799197 15.72124825]
95 [11.8339351   9.56681956 15.70963823]
96 [10.93251955  9.22815194 15.05399709]
97 [11.81758249  9.91003003 16.83812039]
98 [12.22312383  9.68244827 16.74472433]
99 [12.71171035 10.1855512  16.85538607]
100 [11.99093083  9.57274177 18.08796799]
101 [12.75847689  9.80192867 17.96923365]
102 [12.07519849  8.80598427 17.78046708]
103 [12.31500777  9.36417928 17.90922724]
104 [12.89576671 10.01457461 18.08353976]
105 [13.01398728  9.72560231 18.44554165]
106 [12.49266039  9.94105716 18.39910685]
107 [13.02352195 10.27830533 17.63636209]
108 [12.91600787  9.49789533 17.78348438]
109 [13.26518229  9.46071778 17.85832208]
110 [12.61512341  9.34557301 18.02219899]
111 [12.63657716 10.09333128 17.73774848]
112 [12.69512461 10.70473896 18.22022752]
113 [13.48303081 11.24068708 18.42479084]
114 [14.29371312 11.63093048 18.99259322]
115 [14.98964953 11.86544405 19.53603381]
116 [13.52827349 11.12695396 17.51823456]
117 [14.05558507 11.67118986 17.02686412]
118 [13.70042084 11.52068028 16.62053878]
119 [14.79482841 12.510452   18.1914238 ]
120 [14.25592375 12.13220967 17.23008319]
121 [13.93819217 12.98446637 16.33616419]
122 [13.98264787 12.61895427 16.99972589]
123 [13.49967217 12.5945143  16.72756391]
124 [14.50393444 13.64353001 16.90300702]
125 [14.38729744 13.68995691 17.61385569]
126 [14.79700175 14.2312421  16.86846457]
127 [14.40834411 13.88578551 16.66574542]
128 [15.09085966 14.4332343  17.60661559]
129 [14.70408239 13.29877619 16.93889309]
130 [14.38044382 13.32072214 17.22377526]
131 [14.36896359 13.69740877 17.27737242]
132 [14.82263839 13.29798037 16.3821322 ]
133 [14.39072262 14.0700886  17.05821644]
134 [14.90751401 13.15519364 17.09146784]
135 [14.62420532 12.69357887 16.57846358]
136 [14.03701941 12.86165159 17.00485142]
137 [14.5171048  13.47412807 17.86650661]
138 [15.59351877 13.92403683 18.39123369]
139 [14.49088812 12.96660606 17.52723899]
140 [13.82802648 13.10718571 15.56362302]
141 [14.72649626 13.5616223  16.36118154]
142 [14.21969906 13.04553908 16.19302685]
143 [14.23782734 13.24911559 16.18122711]
144 [13.4478404  12.99215165 15.89334957]
145 [13.75115069 12.81424549 15.39212096]
146 [13.34886734 13.11117753 14.96390219]
147 [13.14405647 13.20810661 15.25872055]
148 [13.71401325 13.64567267 15.53228857]
149 [14.25904896 13.93936631 15.94084047]
150 [14.69273818 14.75728406 16.09887669]
151 [14.75522833 14.23235249 16.77451093]
152 [14.96737668 15.06849165 16.73374306]
153 [15.04981583 14.64718162 17.36800437]
154 [14.71233916 14.4607524  16.70528156]
155 [15.12094409 14.53482019 17.48953521]
156 [14.9524345  14.36462804 18.17682899]
157 [15.22400088 14.92914257 18.75046153]
158 [14.57455989 14.14554615 18.18937343]
159 [15.03384655 14.76789301 18.78814654]
160 [14.77925537 13.85327963 17.47541351]
161 [14.63711527 14.25542774 17.93743731]
162 [15.44117585 14.3091973  18.51421509]
163 [15.94869132 14.84371177 18.12475946]
164 [16.55722946 15.29766457 17.81333349]
165 [16.51123656 15.39703631 19.05471497]
166 [17.32773704 17.05900913 19.56406247]
167 [16.98770176 16.96097479 19.56679715]
168 [17.17114912 17.36805864 19.7374661 ]
169 [17.23624514 15.943641   19.35548841]
170 [16.42876254 15.87045192 19.20777813]
171 [16.15600947 15.80236095 18.90488376]
172 [16.35201092 15.51363547 19.45041391]
173 [15.99114248 15.75312534 19.04318379]
174 [16.28473211 16.37796906 19.6101819 ]
175 [17.06296416 16.49862907 19.34760414]
176 [16.87320384 17.20014721 19.45938908]
177 [17.37429526 17.85911901 18.84067738]
178 [17.18152264 17.12417176 18.32717784]
179 [17.69612129 17.60440662 18.68082995]
180 [17.92237881 17.70867434 19.41042628]
181 [17.91917184 17.87899127 18.88691242]
182 [19.0472157  18.660499   19.81907742]
183 [18.80696915 17.87085257 19.11387992]
184 [19.04167162 18.18423135 20.34535825]
185 [19.07227082 17.82266595 19.60665151]
186 [19.12828184 18.07026069 19.59597475]
187 [19.56881174 17.68635209 20.06875294]
188 [19.23780532 17.49015233 20.35213967]
189 [19.51092562 18.49215774 20.07966877]
190 [18.93553464 17.62507023 20.22849823]
191 [18.18868301 16.48094478 19.31026022]
192 [18.51739159 16.89858249 19.97711151]
193 [17.95361569 16.27826115 19.67480559]
194 [18.11923729 15.86004091 19.51165531]
195 [17.98626556 16.60767054 19.44079707]
196 [17.3478571  16.36955675 19.17562598]
197 [16.26965625 16.44029788 19.43317163]
198 [16.26221721 16.79537216 18.61379109]
199 [15.50122676 15.92884269 18.69330693]
200 [15.11537472 15.70002103 18.34247043]
201 [15.16852358 16.27093409 18.55683967]
202 [14.86485541 16.79362568 18.47838222]
203 [14.88494006 17.28309174 18.369638  ]
204 [14.77527842 17.37710029 19.13828633]
205 [14.49240983 18.31027289 19.00716797]
206 [15.26453672 17.94789997 18.92421316]
207 [15.56628989 17.77273114 19.307111  ]
208 [15.39963711 17.09631844 19.37709674]
209 [15.35712326 17.67841707 20.09293247]
210 [15.24883031 17.61170929 20.36506734]
211 [15.0026653  17.10865524 19.56725171]
212 [15.08791177 16.83351231 19.5008648 ]
213 [14.79210085 16.33353123 18.23586757]
214 [15.77847994 15.79344585 19.14018724]
215 [15.95778076 14.96733443 18.38220691]
216 [15.24338031 15.88977174 18.44748244]
217 [14.34063925 15.08590881 18.59379362]
218 [13.96764311 14.12257437 17.8788846 ]
219 [12.84434637 14.18355522 17.81037066]
220 [12.34073827 13.99774741 17.79502989]
221 [12.4143762  13.99027895 17.56638422]
222 [13.24324195 14.9859654  18.56701579]
223 [13.42113113 15.16823033 18.76825189]
224 [14.25471174 16.07242609 19.36531093]
225 [13.59208555 16.69861876 18.941289  ]
226 [13.69610345 16.41285904 18.96799524]
227 [14.01115395 15.841907   18.21536657]
228 [14.30980773 15.73228845 18.48615234]
229 [14.36373108 16.00189884 18.40435458]
230 [15.22919767 16.42260271 19.3473537 ]
231 [15.24701979 16.61952101 19.59988014]
232 [16.44918356 17.38024343 19.90386675]
233 [16.27225039 16.53185186 19.83883278]
234 [16.84009082 16.88466866 20.8173401 ]
235 [15.80089618 17.74377151 20.40720131]
236 [15.92986197 17.99432302 20.1086462 ]
237 [16.6350888  18.09297064 21.13679284]
238 [15.4024853  17.8714003  19.95921189]
239 [15.40807027 17.63497061 19.25622144]
240 [14.55890779 16.62166623 19.40690056]
241 [14.42443596 17.75179583 18.64203293]
242 [14.65651584 17.1561542  18.76210885]
243 [14.34661389 17.0621935  18.20460378]
244 [13.74173886 17.14003247 17.99128361]
245 [13.77924068 16.67827358 17.62994309]
246 [13.56055086 16.71325228 18.03336524]
247 [13.56649733 17.11398782 17.89952534]
248 [12.5111957  16.71935638 18.05866129]
249 [12.77938378 17.19623187 17.94328191]
250 [13.32538524 16.61821414 17.78162814]
251 [13.59286061 16.4658333  17.88404326]
252 [13.60498544 15.93979362 17.21771016]
253 [14.14599776 16.10517427 16.00311383]
254 [14.16818711 16.44190124 15.96703728]
255 [14.2418068  16.38738887 16.0057397 ]
256 [12.44707616 16.23046508 15.58650359]
257 [13.32614456 16.09792976 15.7278765 ]
258 [14.08603379 15.85024395 16.3828849 ]
259 [14.51353112 16.10648539 17.58665997]
260 [14.69165536 16.97962873 18.37760491]
261 [14.18944767 17.27613744 17.85346167]
262 [14.68649235 17.47021016 18.93233786]
263 [14.53451333 18.45590929 18.83626769]
264 [14.47073306 19.19792689 19.10325813]
265 [14.66793547 18.85268572 18.92035335]
266 [14.8907248  18.76981858 19.4248467 ]
267 [15.84257328 19.79540483 20.17527043]
268 [16.21449511 19.19468255 19.98692675]
269 [16.72125466 19.68262789 20.24413408]
270 [16.56409653 19.8305004  20.42789198]
271 [16.26293972 20.68683684 19.74470096]
272 [15.07976987 20.50961694 20.76330548]
273 [14.22228174 19.93387245 21.54556546]
274 [14.27779534 19.03203189 20.50167326]
275 [14.80344421 20.14305354 21.3041092 ]
276 [13.6145731  18.91298359 21.07380158]
277 [12.92164285 19.04785689 20.80145436]
278 [13.33835975 18.62910102 20.86300505]
279 [12.8106253  19.77156964 20.78893534]
280 [13.29006242 19.18495498 21.01113542]
281 [13.63015909 19.08476203 21.43673463]
282 [12.70536123 18.69487798 19.96320912]
283 [12.57411995 18.50278683 20.45353292]
284 [11.6275391  17.4292286  18.65386142]
285 [12.255465   17.56139162 19.99914613]
286 [13.52890038 16.69055899 20.61773707]
287 [13.92078443 17.35776034 20.92187065]
288 [14.77139275 18.79454455 22.3578857 ]
289 [15.90068955 20.84426294 23.65160168]
290 [15.61795879 20.38755611 23.73441728]
291 [15.52061284 20.67173475 23.3606591 ]
292 [15.74240259 20.84766426 24.80680488]
293 [14.56513375 20.37462511 24.50453737]
294 [14.77020275 20.47595251 24.35805785]
295 [14.67355989 20.03465146 24.5890888 ]
296 [14.2207924  19.24985868 25.11698639]
297 [14.23418684 19.17574976 24.25913829]
298 [14.24879306 19.46633538 25.164493  ]
299 [15.20560492 19.86207253 25.07866887]
300 [15.01362139 20.21552702 25.96908693]
301 [15.2196783  19.45504718 26.88811898]
302 [15.95758759 19.36339592 27.77929456]
303 [16.30430533 18.83185444 28.39835603]
304 [16.07618704 18.62086536 28.52104807]
305 [16.57860721 17.89565961 28.56783605]
306 [16.55906314 17.15311623 28.07237499]
307 [15.40324829 16.83244571 27.92790077]
308 [15.81001886 16.75219225 27.54037049]
309 [15.26928909 15.83515073 27.27872363]
310 [15.68434013 15.5821459  25.91581574]
311 [16.13021635 15.75674738 25.70694037]
312 [16.23026529 16.79487477 25.54626784]
313 [15.35768992 16.04164887 25.49572246]
314 [15.39390389 15.65085557 25.17311558]
315 [17.536928   15.16951722 25.17658909]
316 [17.10164712 16.33997748 25.87271098]
317 [17.37871944 17.53956753 25.45080387]
318 [17.2755376  17.10652789 25.7972564 ]
319 [17.77041074 16.79800187 25.24474177]
320 [18.4063457  17.14286964 25.79304896]
321 [18.1215133  16.86649175 25.51832315]
322 [18.26343281 16.37162925 26.10224892]
323 [18.22319288 16.53067102 25.64170176]
324 [17.4116215  15.98050414 25.30715759]
325 [17.71600484 15.68452032 24.77481005]
326 [17.45499916 16.12932094 24.94334929]
327 [17.06732153 15.66047434 24.91530301]
328 [17.57234439 15.65254408 25.0955945 ]
329 [17.62878939 15.89210629 25.23699471]
330 [16.95341402 15.86413047 24.44093313]
331 [16.68560764 16.12139591 24.84538341]
332 [16.30949762 16.08229312 24.77065122]
333 [16.54270916 16.52396557 24.6644712 ]
334 [15.95729789 16.61694804 23.94965918]
335 [15.77614981 16.06995225 24.29259855]
336 [15.44406194 16.54785809 23.84232365]
337 [15.71442501 16.79618182 24.19928422]
338 [15.41162988 15.52886709 24.08850975]
339 [15.27889613 15.94657169 23.40061604]
340 [15.62476478 14.95067049 23.5246022 ]
341 [15.64212324 15.33672595 23.35113714]
342 [17.34704621 15.86461394 24.43942904]
343 [17.44877608 15.71407186 24.86069836]
344 [16.65336371 15.56002857 24.49518642]
345 [16.44596047 15.35226401 24.75770524]
346 [15.81089415 15.13117186 23.92983639]
347 [16.54408197 14.59916478 23.27543878]
348 [16.82983758 15.27609809 23.12828437]
349 [16.07108676 15.07873765 23.27668425]
350 [16.21063654 14.60128875 23.80601628]
351 [16.95121766 14.84618636 24.65577628]
352 [16.30413555 15.30479379 24.86626038]
353 [16.23108095 15.46055993 24.15676269]
354 [16.52658765 15.19692608 25.44112247]
355 [16.55092217 15.86216452 25.11835092]
356 [16.7164092  15.46185107 24.25402778]
357 [16.45754144 15.47217265 25.29759574]
358 [16.69916536 15.66884433 24.95432576]
359 [16.31458838 16.63441552 25.04240747]
360 [15.98688378 16.26329635 25.46303099]
361 [15.48294801 17.27332944 25.66677394]
362 [15.30029956 17.22712007 23.84505208]
363 [14.4493435  17.62621014 24.49028838]
364 [15.21831633 18.13102813 24.83425793]
365 [16.37934551 18.50055469 26.24656687]
366 [17.33186871 19.30207309 26.39891427]
367 [16.49869726 19.45335682 24.87258881]
368 [16.30021075 19.53185528 24.65341058]
369 [16.70475931 19.08606994 24.94957653]
370 [15.99057739 17.56537414 24.20129174]
371 [16.54607679 17.9193341  25.16123186]
372 [17.66558743 19.32291782 25.91638886]
373 [17.95900299 18.63772981 26.6481552 ]
374 [17.8533924  18.61507986 27.58339081]
375 [18.05358652 18.9505513  27.71622727]
376 [17.89730095 19.12364376 27.50308743]
377 [17.10306671 18.72996245 27.67219622]
378 [17.6569157  18.56195627 27.8885581 ]
379 [18.2793954  19.1122857  27.27705874]
380 [18.97678931 19.36552452 28.0412409 ]
381 [18.48563677 19.46596136 28.16745402]
382 [18.49663108 20.07282853 27.60896911]
383 [18.43158507 19.77842335 28.42899121]
384 [18.36974714 19.99978275 28.15081417]
385 [18.15999186 19.50423727 27.76192472]
386 [17.8289503  19.33383061 26.48864821]
387 [18.8963322  18.72580211 27.41223029]
388 [18.74241577 18.37579076 27.36587619]
389 [19.22096774 18.11207255 28.23434761]
390 [19.16915672 16.79270698 27.79881513]
391 [18.65028157 15.52336703 27.82887984]
392 [18.67632972 15.71041548 27.40002316]
393 [18.27240227 15.40429377 26.30231897]
394 [17.90770773 14.68864432 26.58587099]
395 [17.25503272 14.77579198 26.94256511]
396 [19.41017601 14.69984089 27.96016657]
397 [17.96632922 14.96021534 27.62152221]
398 [18.48830215 14.89266566 27.74781339]
399 [18.35309572 14.60348722 27.36006172]
400 [18.10429479 14.84445882 27.91933664]
401 [17.83274299 14.29400943 28.75641155]
402 [17.88554507 13.79661491 28.26948837]
403 [17.79166456 12.58320654 27.28427571]
404 [17.73422902 13.33097051 26.72433154]
405 [16.95694554 12.72940944 26.38205124]
406 [16.80291813 12.35630728 26.8727375 ]
407 [16.51552657 12.93291467 28.12229821]
408 [16.05731309 12.21071618 26.95810256]
409 [15.41228493 12.41871449 26.77145086]
410 [15.76135777 12.05762125 26.0778452 ]
411 [17.17787458 12.46885234 26.19718214]
412 [17.0690167  13.09626545 25.68425144]
413 [17.15176433 13.72321336 25.66948317]
414 [16.69506273 14.01608229 25.33732922]
415 [17.54496729 15.00032605 24.95975477]
416 [18.0394551  15.65833704 25.56027934]
417 [19.20881351 16.65954499 26.14330726]
418 [18.66247448 17.89274057 26.65644822]
419 [18.7224907  17.57887656 27.47348547]
420 [18.97843198 17.98150036 27.00402745]
421 [18.68831924 18.03605685 26.05549826]
422 [18.53985578 18.29008876 25.87805443]
423 [18.02902485 19.41525512 26.21334128]
424 [18.23631165 18.76212053 25.10964465]
425 [18.19118276 18.89758252 25.55464051]
426 [18.49634863 19.74271416 25.63055851]
427 [17.89083562 19.0820493  25.20518339]
428 [18.06822014 19.42891002 24.60531209]
429 [17.26342029 19.85208633 23.26364636]
430 [17.51232526 20.07117178 23.00746694]
431 [16.87621952 18.61043601 22.81142516]
432 [16.90504442 18.84900063 23.08702946]
433 [17.68442468 19.43864433 23.10302234]
434 [17.46587672 20.27655853 22.67823866]
435 [18.56088638 19.46261854 22.75227568]
436 [17.62500397 19.51581765 22.74259176]
437 [18.14176595 20.10928084 22.34589424]
438 [18.94650312 20.26681463 22.67033505]
439 [19.1660197  20.51662496 23.80509002]
440 [18.38028208 19.96358835 24.07348434]
441 [18.03487499 20.27513062 25.65625086]
442 [17.81086995 21.36582127 25.14492716]
443 [18.75658648 21.09092458 25.24932666]
444 [19.22915846 21.15473469 26.27087369]
445 [19.15478772 20.47201818 26.61353679]
446 [19.15421606 20.69567867 26.38350011]
447 [19.94519269 21.89405829 26.87862417]
448 [19.47528677 22.80712535 26.27539543]
449 [19.72272188 23.85603328 26.46130164]
450 [19.2740822  23.57367842 27.3956885 ]
451 [18.9718579  23.12341194 27.82266945]
452 [18.96754101 23.21423728 28.79283912]
453 [18.71526524 23.78500982 28.54329122]
454 [20.31674712 23.65728272 29.28248512]
455 [19.77426291 23.11641817 28.55025186]
456 [19.66811416 23.50848387 27.72529713]
457 [19.05064528 23.93509849 26.93575919]
458 [18.30006855 24.42576377 26.73531247]
459 [18.13906257 24.1390669  26.8475792 ]
460 [17.98125471 23.79153924 26.20236785]
461 [16.62645507 22.86463877 26.18323444]
462 [16.47851234 22.71312527 25.47296471]
463 [15.56810095 23.5468057  25.64144036]
464 [15.87589173 22.94080436 25.01914741]
465 [15.28094263 22.37598073 24.90273354]
466 [15.7768842  22.00519566 25.09515972]
467 [15.08746627 21.58344952 24.97467685]
468 [14.91420269 22.15335582 24.76342826]
469 [14.99140429 22.23950324 25.18319452]
470 [15.0783132  21.66353482 25.61098944]
471 [16.2219744  21.91293381 26.10458862]
472 [15.75674667 22.09821658 25.53211368]
473 [15.28311124 21.79051513 25.73904756]
474 [16.16079902 21.91845202 27.66168697]
475 [16.01259285 22.17953858 28.42097249]
476 [15.99221484 21.57907516 27.73320396]
477 [15.70038972 22.26539663 27.39453546]
478 [17.28449707 23.04652422 28.26524898]
479 [17.26761503 22.70618275 28.47937692]
480 [17.51048598 22.56646003 28.94059798]
481 [17.27287224 22.49033804 28.79232548]
482 [16.28049061 21.96341205 28.34749721]
483 [16.22507678 21.37886736 27.62546978]
484 [16.14078927 21.18222618 27.44448429]
485 [15.88009844 21.14279531 27.29464832]
486 [15.78189334 21.04634235 27.50541354]
487 [15.78805732 20.41823313 27.05772041]
488 [16.42068489 20.79198953 26.72306935]
489 [16.89188489 20.72660738 26.47737188]
490 [17.33082843 21.60831523 26.02338438]
491 [16.67823687 21.93677164 25.99652896]
492 [17.49047921 22.74195403 26.7378384 ]
493 [18.0220488  23.24381018 26.45104548]
494 [16.68481595 22.62296842 26.07049121]
495 [17.54540386 22.70176948 26.70884877]
496 [17.53405084 22.64194878 25.84999593]
497 [18.00187015 23.0500582  24.8992741 ]
498 [18.25070687 23.56639923 23.83652171]
499 [18.55019992 24.22819833 23.90111476]
500 [19.12710697 24.42038699 23.51544311]
501 [19.79988309 24.68193198 24.4539809 ]
502 [19.4867821  24.42346869 26.4833177 ]
503 [19.11150532 24.46557334 26.78541587]
504 [19.3507025  25.55315306 26.80150441]
505 [19.03331615 24.90266011 26.71178047]
506 [19.64837783 25.24484876 26.69673435]
507 [19.66732072 25.22052583 27.60751125]
508 [19.48064856 25.46802545 26.93085218]
509 [19.72886518 25.95488722 26.0105251 ]
510 [19.00830302 26.47060808 25.93356593]
511 [19.88880679 26.5714651  25.99499998]
512 [20.37290006 27.02661179 26.18434937]
513 [20.82842446 27.43021613 26.21628102]
514 [20.03168339 26.66941761 25.43068326]
515 [19.28274759 27.27186674 25.04022655]
516 [20.32940819 26.99919248 25.49045324]
517 [20.67509527 27.14319745 26.55030742]
518 [19.39201022 27.80656205 26.59153195]
519 [20.12371423 28.01491935 27.70933173]
520 [20.43672284 28.4002177  27.21844099]
521 [19.62356246 28.13572295 27.16140852]
522 [19.84809606 28.93869089 27.32921141]
523 [20.58398376 28.87664474 27.12224372]
524 [19.92557678 28.5688805  27.16197989]
525 [19.42658456 27.70691667 27.18553285]
526 [19.64875462 27.5674389  27.09951534]
527 [19.8369827  28.26749793 27.18299473]
528 [19.25363233 28.36587573 26.49017795]
529 [18.40859588 27.64916676 26.21561747]
530 [18.79993322 27.77971014 25.39920086]
531 [19.18644725 27.98584482 24.45867668]
532 [19.04741344 28.39495607 24.0372632 ]
533 [19.7211883  28.64957921 24.16324724]
534 [19.52935689 28.77971272 25.33627186]
535 [19.27139142 28.31916011 24.57372616]
536 [19.27695397 28.41586577 24.96729986]
537 [19.65844609 29.20578076 24.60844611]
538 [19.44287466 28.37625358 23.8970589 ]
539 [19.90636414 28.485973   24.00997563]
540 [19.68599088 28.37935616 23.52438079]
541 [19.54453577 27.58232919 23.56743868]
542 [19.41776563 27.56517804 23.9661749 ]
543 [18.78929633 27.33010292 23.61852709]
544 [18.50188918 27.30987772 24.33104336]
545 [18.3982738  27.11416198 24.0357567 ]
546 [19.41432887 27.09379283 24.51065026]
547 [18.43466499 26.25634136 23.14751194]
548 [17.88837909 25.26094845 23.27129603]
549 [17.39304729 24.7800709  22.96004574]
550 [17.17371379 24.1428777  22.09277432]
551 [18.87947902 23.24287137 21.35063751]
552 [18.70367931 22.91934468 21.58747168]
553 [19.55297306 23.10115385 21.82973079]
554 [18.91095301 21.62547416 20.71825981]
555 [18.80171459 21.94299897 20.0136666 ]
556 [18.32455399 21.42671199 20.25788457]
557 [18.4214709  21.76187849 20.00763644]
558 [17.64273194 20.83748195 19.38051358]
559 [17.87675784 20.79926023 18.95322993]
560 [18.47315626 20.62593387 18.70427373]
561 [18.9998321  20.84475879 17.35888416]
562 [19.11459225 20.54169652 17.1252746 ]
563 [18.99162583 20.2365601  17.33918777]
564 [19.19044404 20.80186029 17.10053232]
565 [18.57884452 20.47398926 17.3766606 ]
566 [18.25916358 20.55393388 16.08254163]
567 [18.35736518 20.59486602 16.49679248]
568 [18.40971745 20.28921078 15.67637132]
569 [19.1802997  20.08661712 16.32859821]
570 [19.66401639 20.47563269 16.27355733]
571 [19.3308841  20.20296667 17.36266536]
572 [19.76519154 20.5368043  17.17350694]
573 [19.30401368 21.10189222 17.77932867]
574 [18.2214438  21.31307809 17.95011106]
575 [17.49896371 20.30549602 18.93115728]
576 [16.97352649 20.51521024 18.81380462]
577 [17.64662795 20.1773635  16.98288893]
578 [18.39982076 20.45867106 17.63897582]
579 [19.1220248  21.16004476 17.37041803]
580 [19.94312996 21.42966778 17.29110285]
581 [20.17825256 20.99678058 17.60460368]
582 [20.06519322 21.92893968 18.35054595]
583 [22.57457038 22.35891213 18.88847615]
584 [22.36930069 21.57691985 19.63083596]
585 [21.80060696 20.85349294 19.39897396]
586 [21.35105663 20.33817781 19.08840642]
587 [21.87165781 19.86473335 19.65843067]
588 [22.44052712 19.10493067 19.19318858]
589 [21.7063855  18.01426619 18.45244338]
590 [21.07352929 18.26146356 19.72216639]
591 [20.833907   17.94467363 19.33898753]
592 [21.94439953 18.77311375 19.63008041]
593 [21.51424846 18.88317236 20.38769048]
594 [21.44128565 19.93783358 20.05651154]
595 [21.01272641 19.26509892 18.74284172]
596 [20.45969979 18.77777382 19.78129467]
597 [20.88711998 19.29363328 20.18652266]
598 [20.75134465 19.50927614 20.17406257]
599 [20.34468847 19.30499153 20.37056264]
600 [20.29732316 18.97553568 20.53745838]
601 [20.06571652 18.55366397 19.9895841 ]
602 [19.75539702 18.56112469 19.75788797]
603 [20.23095724 19.19218286 19.61221174]
604 [20.16047317 18.51277713 20.33951333]
605 [19.75224301 18.3588779  20.65496937]
606 [20.48090834 18.52910285 20.3450024 ]
607 [21.4955865  19.01574717 20.89918938]
608 [22.33535057 18.84771184 20.9267057 ]
609 [23.28577525 19.79050668 21.87391193]
610 [23.24762876 19.37362606 21.3953566 ]
611 [23.90054573 19.0330112  21.81635741]
612 [22.78172695 18.3585477  21.78776753]
613 [22.54415295 18.05469731 21.65379648]
614 [22.28766722 17.80580234 22.24959064]
615 [22.01330025 17.77210917 22.81251179]
616 [21.62929623 17.11392645 23.20262506]
617 [22.30803276 17.70809725 23.52170096]
618 [21.47593481 17.32597748 22.52666428]
619 [20.90440726 17.11698681 21.47609231]
620 [21.8732746  17.20223372 22.58597207]
621 [21.34252915 16.83971288 22.67633414]
622 [21.68179739 17.72338239 22.60824208]
623 [21.77671855 18.49403055 22.60811148]
624 [21.09602076 17.73972979 22.06157695]
625 [21.33877812 18.34359516 22.62352645]
626 [20.84233598 18.00732072 21.81945515]
627 [19.93183259 17.84370569 21.47240248]
628 [20.15977169 17.87026121 20.88048029]
629 [20.0594479  18.26670155 21.10115071]
630 [21.14353435 18.04961835 21.01380244]
631 [21.31905573 17.34917191 20.35175713]
632 [20.36386651 17.50378387 20.07930176]
633 [19.44127542 16.82437031 20.08391818]
634 [19.70228177 16.74246499 19.29275389]
635 [19.00703233 16.25611627 19.02363442]
636 [19.58555774 16.59758082 18.64353145]
637 [21.08357104 16.67414868 18.6975591 ]
638 [20.69139544 16.57849905 18.46279464]
639 [20.36049543 16.80078374 18.37198552]
640 [19.7644996  16.89064511 17.67337977]
641 [20.218973   17.26732892 17.46846784]
642 [20.07515545 17.35535149 16.82762031]
643 [20.71210101 16.97165052 16.90180452]
644 [20.61268905 16.37313318 16.32220481]
645 [21.89320386 16.35712793 17.63700956]
646 [21.13265987 16.02263206 17.92834069]
647 [21.4902343  15.23512994 17.59431407]
648 [22.42232215 15.97344275 17.93942726]
649 [23.06260591 16.4097819  18.30263189]
650 [22.34766726 15.47036772 19.80569012]
651 [22.7094566  14.99510129 19.27014805]
652 [21.9434065  13.17021067 18.37525238]
653 [21.40122233 12.90563171 20.20312606]
654 [21.26003413 13.25840615 19.76435366]
655 [21.56910267 13.65427671 20.0733898 ]
656 [21.61369633 13.23668264 19.8841669 ]
657 [21.60252253 12.74521809 19.82959012]
658 [21.07984769 11.43475576 18.85314939]
659 [20.95123839 10.73199754 19.12959556]
660 [21.06130467 10.67929534 18.94063146]
661 [21.39744449 10.52909009 18.79141247]
662 [21.35373255  9.58973781 18.4632382 ]
663 [21.52059564  9.96457852 17.25744729]
664 [21.59944414  8.54205387 17.45969241]
665 [21.34764732  9.20878066 17.91251889]
666 [22.01706067  9.01186971 18.16874637]
667 [21.37919514 10.10576139 18.924652  ]
668 [21.08790577  9.2635546  19.51167981]
669 [21.97648433 10.01292501 19.78604105]
670 [22.55163907 11.32372433 20.66871621]
671 [22.63255909 11.58384775 21.50728749]
672 [22.37891486 12.69630801 20.89678612]
673 [20.37323844 12.69284659 21.69810054]
674 [20.28995507 12.59725657 21.41210439]
675 [19.79755025 12.29241765 21.78121224]
676 [19.74397517 12.30452885 22.08666042]
677 [19.2572497  12.05105219 22.96435629]
678 [19.15700713 11.76107281 22.55493579]
679 [19.2638501  11.77607821 22.60754786]
680 [18.72469059 11.30363538 22.82459495]
681 [18.6505145  10.33284732 23.81292383]
682 [19.50963763 10.29729306 23.74503479]
683 [18.27047774 10.88793538 25.09254209]
684 [17.2807882  11.02128992 24.89511996]
685 [17.9573312  11.36820956 24.87046062]
686 [17.0770635  11.35665033 24.97580817]
687 [16.47561923 11.34346374 25.42149727]
688 [16.36848393 11.54647533 25.20576542]
689 [15.71062037 12.1666508  26.04337599]
690 [16.695705   12.26516084 24.70750377]
691 [15.77341806 11.68915732 24.95021432]
692 [16.63122376 11.03221112 25.0291533 ]
693 [15.8357784  11.36397992 25.94433079]
694 [15.68424004 11.38260485 25.31876287]
695 [15.94227255 11.05217656 25.10283956]
696 [14.84637017 10.34547715 25.37634982]
697 [15.46196612 10.48394068 25.57947773]
698 [16.35214868 10.70867575 25.89143623]
699 [16.44991206 10.94291164 26.14330567]
700 [17.2818363  10.77395001 26.193129  ]
701 [17.0164545  11.5859223  25.90543411]
702 [17.46311241 12.31200374 25.58918694]
703 [17.78467984 12.64233621 25.62225506]
704 [17.22106172 12.41925473 25.29099734]
705 [17.32861421 12.72845489 25.81149076]
706 [18.47304926 13.29271787 26.80071875]
707 [18.27460254 13.00797859 26.27052863]
708 [18.84572476 13.80966007 25.39323516]
709 [18.46684975 13.69629251 25.63351962]
710 [18.00353868 13.9921737  26.65205792]
711 [17.8983553  14.38574258 25.53626092]
712 [20.36387532 15.41222117 25.95482736]
713 [21.13959011 14.6169931  25.64212999]
714 [20.80313018 14.01160526 24.97294875]
715 [21.57419867 14.64993668 25.10094479]
716 [21.26989422 14.67468163 24.71949749]
717 [21.27624342 13.73377152 24.88545863]
718 [21.78313464 13.78329755 24.40536251]
719 [21.66368187 14.64770839 24.03462441]
720 [21.38725989 13.46514456 23.80659666]
721 [21.26651686 15.52308108 24.95166776]
722 [22.04489274 15.23831595 25.96833979]
723 [22.24003721 15.87169527 25.64347397]
724 [21.77323161 15.04769405 25.51350596]
725 [20.89778794 14.92975734 25.06330166]
726 [20.93709408 15.93258345 25.47346482]
727 [20.98356013 15.19895289 24.50314569]
728 [20.97419723 15.03938152 24.1686323 ]
729 [21.35594022 14.78553084 23.71775565]
730 [21.11073691 14.77787907 23.4747163 ]
731 [20.01419357 14.04110544 22.5718302 ]
732 [20.03658148 14.77538302 22.99315389]
733 [19.67574213 13.7853415  21.96244614]
734 [19.72277508 13.30873014 22.3503622 ]
735 [20.32044087 13.39656459 22.11404365]
736 [21.21267756 14.53002587 22.23000615]
737 [21.19110887 13.50227548 22.89598626]
738 [21.5934531  12.9652846  21.33289785]
739 [21.40280202 14.26573698 22.11118721]
740 [21.65014265 12.98321661 22.10996905]
741 [21.41468176 12.56986113 22.44254744]
742 [20.83735805 12.72867954 23.59003758]
743 [20.84803848 11.76369281 23.36054491]
744 [20.83328693 11.9109458  23.43222406]
745 [22.6050103  13.10640342 22.51945548]
746 [23.0414267  13.72613657 22.02847974]
747 [22.09060807 14.41089734 21.84265706]
748 [22.02791532 15.28039399 21.15280551]
749 [21.35107689 14.53774017 22.02495965]
750 [21.2819173  15.26336361 21.89713898]
751 [21.03866231 15.48940467 22.3183171 ]
752 [21.21526118 14.13960088 22.02876746]
753 [21.26030829 13.13915716 22.93260105]
754 [21.17885541 14.00965437 22.80215164]
755 [21.92235602 13.98872302 23.37646485]
756 [21.7889171  14.90390127 23.79927823]
757 [21.0831085  13.34586485 23.30874769]
758 [21.43051264 14.06633701 24.00300675]
759 [21.62377581 13.44393587 23.60285704]
760 [22.36301624 13.54209614 23.64053316]
761 [22.44623343 13.47521887 23.03715809]
762 [22.04805695 13.37033514 22.29993854]
763 [22.86337638 14.37780878 22.38235399]
764 [22.99009914 15.4187448  22.00770556]
765 [23.02724755 16.02609481 22.02737417]
766 [22.40837546 16.7961612  22.38166548]
767 [22.65236781 15.84788482 22.53465487]
768 [23.44003664 16.16904068 22.47604327]
769 [24.45105969 16.83096207 22.33858338]
770 [25.12959462 16.26379691 23.2492644 ]
771 [25.96563259 15.99880068 23.14890268]
772 [24.84755891 15.42756189 23.18182186]
773 [24.14980729 15.78029433 23.66206755]
774 [23.78415945 15.80079584 23.97501922]
775 [24.08135684 16.29977877 23.88130026]
776 [24.36320055 17.54201326 24.23222105]
777 [24.96657129 17.20075616 23.58425937]
778 [25.17558679 17.85753097 23.58291197]
779 [24.44000697 17.65977629 23.00498111]
780 [26.44145664 18.10697208 22.47763196]
781 [26.68980027 18.43637124 22.63557204]
782 [25.89723271 19.33484924 23.26366491]
783 [25.13841914 19.53156107 23.35631324]
784 [25.69136859 19.51167593 24.11682012]
785 [25.32063513 19.34743826 23.86247058]
786 [25.73166236 18.67323171 23.73075703]
787 [26.35975903 17.11985289 22.86781457]
788 [26.46349576 17.58207102 23.53834981]
789 [26.63458678 17.2786518  24.26012054]
790 [26.09164861 17.25365294 24.25087768]
791 [26.34148245 17.46186776 24.08898569]
792 [25.99891684 16.44768368 23.77368224]
793 [25.553731   16.05858894 24.10940352]
794 [25.40897063 16.04871547 23.84591848]
795 [25.23996179 16.61168515 24.05810635]
796 [25.74869282 16.34481248 24.81827682]
797 [25.5415306  15.80362195 25.506646  ]
798 [24.98213256 15.28928785 25.36853965]
799 [24.71794416 14.60400254 25.8979094 ]
800 [24.99714858 15.22122817 24.98085594]
801 [25.08073909 16.42281354 25.6618088 ]
802 [24.02885773 16.9209286  25.94857122]
803 [25.10991266 17.06181119 25.21378008]
804 [24.7834474  16.66833636 25.12511441]
805 [24.36498434 16.64096797 25.09741554]
806 [24.33250442 15.85865821 25.44491511]
807 [23.51948059 15.20417829 26.06160086]
808 [24.74753598 15.43720311 26.72037134]
809 [24.56371535 15.68552973 27.14984349]
810 [25.12878605 16.0051114  27.55168644]
811 [24.04166415 15.33076143 27.91423147]
812 [24.75351907 14.6734836  28.43530941]
813 [24.45222036 14.98087366 28.97351515]
814 [25.02277325 15.76601546 29.10773777]
815 [24.10202693 16.65774956 29.48878613]
816 [24.49948992 16.69811393 28.32037193]
817 [25.97393802 17.23498989 27.88056452]
818 [26.98860154 17.72785339 27.99761929]
819 [26.89674599 17.12543089 26.50007801]
820 [27.48128796 17.1258526  26.47641258]
821 [28.52824624 16.56156797 26.71678395]
822 [28.02394118 16.85676294 26.83759931]
823 [29.07276351 17.1006655  26.87077783]
824 [28.34894532 16.48958467 26.41478899]
825 [29.29278228 16.97029975 26.59756429]
826 [29.94803104 16.92551961 26.19800602]
827 [29.35129014 17.0972184  26.88580805]
828 [29.81949281 17.53477931 27.314145  ]
829 [29.09042471 17.15941652 26.8176634 ]
830 [28.43828045 17.45294227 26.73230407]
831 [28.1665129  17.40221346 26.51448669]
832 [27.66261953 16.90146802 27.08465742]
833 [29.24178853 17.81729971 26.28291194]
834 [28.80547478 17.05932961 25.44098487]
835 [28.81739307 17.34435521 24.67478645]
836 [28.32468705 16.78280906 25.74955434]
837 [28.89758422 18.36904516 25.70463335]
838 [29.48044369 17.79466671 25.52519185]
839 [29.31845117 17.84217892 25.30212577]
840 [28.89495776 18.18532886 25.41416436]
841 [29.04717653 19.09552234 26.46274203]
842 [29.78306057 19.04500917 26.09732588]
843 [29.08959145 19.32592922 26.32693305]
844 [28.97275329 19.98396767 26.42327699]
845 [29.62379761 20.62994634 27.18267828]
846 [29.18390014 20.87845101 26.3715244 ]
847 [27.54812505 21.14833383 26.45701588]
848 [26.88465037 20.72097466 26.16076256]
849 [28.03861981 21.41238528 26.75088426]
850 [27.60529929 21.78986223 27.31381828]
851 [27.47550919 21.15196371 26.88298697]
852 [27.3773621  21.01346082 26.63265493]
853 [27.23504373 20.59662761 26.76069497]
854 [26.63696578 19.62610659 26.30644058]
855 [26.73762668 18.90759827 26.41330754]
856 [26.06049722 18.33940877 26.21296276]
857 [25.54389595 18.29371809 25.64752133]
858 [24.74108366 17.69405897 25.60373945]
859 [24.56887542 17.63899613 25.62401113]
860 [24.61377437 17.7783118  24.96268798]
861 [24.03543575 16.89318541 24.63547194]
862 [24.09292815 17.80706985 25.36736094]
863 [24.19054806 17.2199908  25.26018865]
864 [24.17716751 16.98346595 25.21775506]
865 [24.44148235 16.96685349 25.82504955]
866 [24.25142443 18.01991971 25.48239845]
867 [24.18588006 18.90159789 26.29780787]
868 [24.00671123 18.14072721 25.92022699]
869 [23.95184143 18.44769516 25.40682494]
870 [24.10288999 18.48917779 25.76106841]
871 [24.14601736 18.70436365 24.73423385]
872 [23.82939595 19.19086771 25.97995949]
873 [23.84743704 19.41877944 26.47382936]
874 [23.65298463 19.5989118  26.13535503]
875 [23.72687459 19.4890997  26.38284846]
876 [22.87092506 19.08676292 26.36376569]
877 [22.9409718  18.84183801 26.90911678]
878 [21.94146349 18.79718344 26.78791942]
879 [22.22783459 19.30576789 27.07857013]
880 [22.21275138 18.59452212 26.2434837 ]
881 [21.34205383 18.49014823 26.31339516]
882 [21.30826214 19.03716977 26.65436345]
883 [20.88708071 18.05217871 26.24517913]
884 [20.31231019 17.84930189 26.90680555]
885 [21.22604188 19.55224604 26.61839731]
886 [20.74453128 19.3159511  26.42435386]
887 [20.72603648 19.05978047 25.62270129]
888 [21.4991251  18.83893511 25.86622732]
889 [20.9646502  18.5716912  26.18968302]
890 [21.94827991 19.83862259 27.80221281]
891 [22.54386182 20.25875461 27.193907  ]
892 [22.84285928 20.5131132  27.05448487]
893 [23.70825131 20.82641465 26.7518075 ]
894 [23.97528835 20.87335217 26.83707703]
895 [24.65247492 21.66888136 26.83495202]
896 [24.26340004 21.48947425 26.59819073]
897 [24.82463067 22.33692649 26.24927515]
898 [24.48479313 22.02962422 27.13185469]
899 [24.21872432 21.88481809 26.93373923]
900 [23.82430093 21.33241408 26.97889465]
901 [24.1932259  21.72857156 26.85170724]
902 [23.84646982 22.02411144 27.26975177]
903 [24.70905518 22.22003871 28.16060871]
904 [25.35866061 22.12664402 28.28548245]
905 [24.54680973 21.38987588 27.07852246]
906 [24.45486104 22.01013337 27.77774173]
907 [24.43850755 21.68751441 28.22908892]
908 [24.57100868 21.86242612 28.09077939]
909 [25.52963104 22.10622068 28.07575882]
910 [25.8524432  22.09677062 28.38695618]
911 [25.83195397 21.00172566 29.73062594]
912 [26.87739983 22.47248848 30.29342398]
913 [26.61973461 22.39830239 30.25735471]
914 [27.66737964 22.48881936 30.74126325]
915 [27.48873418 22.90680854 32.16206612]
916 [26.95591231 22.28864639 31.35931666]
917 [27.65077119 23.63908697 31.99705423]
918 [26.89434695 22.68156457 31.69237692]
919 [26.65516522 22.54357437 31.30896084]
920 [26.52236454 22.36630185 32.23490274]
921 [25.62204362 22.39095299 32.59797588]
922 [24.61297047 22.31565968 32.07241635]
923 [24.90473192 22.14592934 32.6032897 ]
924 [24.21643177 22.01890563 32.25145508]
925 [24.70190657 22.36751437 32.9104733 ]
926 [25.1545334  23.24249096 32.31617913]
927 [25.47058343 23.42778225 31.71976891]
928 [26.30915279 23.00443038 31.182968  ]
929 [25.20599007 23.59176736 30.53309098]
930 [25.13033245 23.16100829 30.54719663]
931 [25.05820603 23.58020019 29.89058091]
932 [25.58727897 23.71575392 30.14386823]
933 [26.04074414 23.49694085 29.71555096]
934 [25.98764278 23.83051204 29.35961102]
935 [25.95373446 24.22609451 28.8693158 ]
936 [26.15470946 24.31101439 29.244644  ]
937 [25.69586436 25.27946626 30.3109438 ]
938 [27.10729228 25.38678745 30.37826015]
939 [28.21702993 26.51890621 30.86576325]
940 [28.106579   26.31427853 30.45086055]
941 [27.05503782 27.13522974 30.19592493]
942 [27.44630401 26.61304738 30.84734086]
943 [25.00961481 26.34712759 30.57138715]
944 [24.47218565 25.52578895 29.77841231]
945 [24.44585273 25.67625772 30.15365429]
946 [23.83111383 25.39742794 29.77819367]
947 [23.39404292 24.93565466 29.7205278 ]
948 [24.22453847 25.40432894 29.80059116]
949 [23.73862667 25.30468244 29.12265608]
950 [24.29057005 26.61290556 29.04590908]
951 [24.73360604 26.08478555 28.19616861]
952 [24.88900817 26.5582392  27.58251716]
953 [24.55911059 25.95544251 27.21956332]
954 [24.06827316 26.01804061 26.92128328]
955 [24.33165086 25.38219716 27.25947385]
956 [24.66601797 25.76591241 27.39048276]
957 [24.09176461 25.07316348 26.70753701]
958 [24.49383709 24.94918281 26.52209774]
959 [24.15625687 25.20345695 26.38437359]
960 [24.71031779 24.83268858 26.03572694]
961 [24.38405928 25.55429326 25.76404931]
962 [24.74860803 25.26703836 25.39402786]
963 [24.81359608 24.82189218 26.00953447]
964 [24.31294777 25.22881019 26.06678935]
965 [24.71591934 25.0959668  26.15843549]
966 [23.44253461 23.59141585 26.15476806]
967 [23.05851839 22.86738434 27.18040343]
968 [23.1416613  22.37952963 25.7477499 ]
969 [22.4299547  22.58203992 26.4222342 ]
970 [22.36843255 22.78353226 27.47399782]
971 [23.07882122 22.68291002 28.85634183]
972 [23.37793028 22.40756757 29.81326085]
973 [23.33183795 23.86510351 30.77347072]
974 [22.93923725 23.67617717 31.0175678 ]
975 [22.61260166 22.78763535 30.08924206]
976 [22.48788629 22.54455046 30.22592511]
977 [22.2366378  21.67647335 30.23160875]
978 [22.10576769 21.59134586 29.53673992]
979 [21.61296453 20.99879757 28.35727881]
980 [22.95377194 20.73531509 27.80908526]
981 [22.47232143 21.06820528 27.88844847]
982 [23.5079335  20.40441976 27.91418239]
983 [22.85377404 20.98115821 28.01103331]
984 [22.82099639 20.22412563 28.34148097]
985 [22.64394187 19.7801447  27.27226116]
986 [23.06603248 19.87054695 27.3003069 ]
987 [22.39908033 19.70553982 26.53676459]
988 [22.28099747 19.47970342 27.11074029]
989 [22.48442296 19.70346727 27.21518917]
990 [22.28280976 19.86077388 26.84118197]
991 [22.86157264 20.17471442 27.00842792]
992 [22.3971403  19.62503211 25.34451151]
993 [21.69685505 19.60617425 25.38546322]
994 [22.14597022 20.45727055 25.60008184]
995 [23.45241918 20.81255829 27.4258492 ]
996 [22.67578428 21.0293313  28.57131582]
997 [22.88793689 20.16750647 26.81982862]
998 [23.36124165 21.04518037 27.22458712]
999 [22.80654341 20.68742782 27.8936523 ]
0 [15.36432758 14.93676246 13.84291124]
1 [12.87953327 12.99541298 11.1847899 ]
2 [11.22091287  9.55995697  9.25389147]
3 [9.02549318 7.99617775 6.97518933]
4 [7.06394908 5.47674029 5.76964798]
5 [11.10538847  9.79126634  9.7794519 ]
6 [10.98743084  9.67192924 10.19100996]
7 [10.14573376  9.21409462  9.29521464]
8 [10.58708437  9.32956458  9.8370818 ]
9 [10.23745918  9.19334405 10.31012918]
0 [15.36432758 14.93676246 13.84291124]
1 [12.87953327 12.99541298 11.1847899 ]
2 [11.22091287  9.55995697  9.25389147]
3 [9.02549318 7.99617775 6.97518933]
4 [7.06394908 5.47674029 5.76964798]
5 [11.10538847  9.79126634  9.7794519 ]
6 [10.98743084  9.67192924 10.19100996]
7 [10.14573376  9.21409462  9.29521464]
8 [10.58708437  9.32956458  9.8370818 ]
9 [10.23745918  9.19334405 10.31012918]
10 [10.90626384  9.69184802 10.69518791]
11 [10.79529227  9.63586338 11.44744792]
12 [10.74585601  9.79739557 11.15597791]
13 [10.69174934  9.67089039 11.71452692]
14 [11.4697836  10.41297541 12.94552138]
15 [12.00590841 11.46589163 13.69859519]
16 [11.67639165 10.22732743 12.51083069]
17 [11.89168052 11.1404585  14.31224392]
0 [15.36432758 14.93676246 13.84291124]
1 [12.87953327 12.99541298 11.1847899 ]
2 [11.22091287  9.55995697  9.25389147]
3 [9.02549318 7.99617775 6.97518933]
4 [7.06394908 5.47674029 5.76964798]
5 [11.10538847  9.79126634  9.7794519 ]
6 [10.98743084  9.67192924 10.19100996]
7 [10.14573376  9.21409462  9.29521464]
8 [10.58708437  9.32956458  9.8370818 ]
9 [10.23745918  9.19334405 10.31012918]
10 [10.90626384  9.69184802 10.69518791]
11 [10.79529227  9.63586338 11.44744792]
12 [10.74585601  9.79739557 11.15597791]
13 [10.69174934  9.67089039 11.71452692]
14 [11.4697836  10.41297541 12.94552138]
15 [12.00590841 11.46589163 13.69859519]
16 [11.67639165 10.22732743 12.51083069]
17 [11.89168052 11.1404585  14.31224392]
