0 -13.41146 1.22464 -1.57484
1 -10.92621 2.06044 -1.37709
2 -8.43143 2.86509 -1.17059
3 -5.92931 3.64569 -0.96043
4 -1.97859 5.32051 -0.6239
5 0.12142 9.5993 -3.29001
6 0.34056 9.46722 -2.85276
7 -0.34165 9.19046 -2.4841
8 0.3709 9.14467 -2.85006
9 -0.38692 9.8037 -1.86131
10 -0.67007 9.72395 -2.48109
11 -0.98355 10.06117 -1.57307
12 -0.71816 9.9493 -2.17288
13 -0.98528 10.0283 -1.91259
14 -0.76949 11.14114 -1.45582
15 -0.624 11.86006 -1.47688
16 -1.62152 10.89905 -1.89873
17 -1.12401 11.63704 -2.26713
18 -1.86794 11.07615 -1.27146
19 -1.68921 11.48698 -1.73115
20 -1.97542 11.382 -1.80011
21 -1.84244 12.22435 -0.60771
22 -1.72632 11.85742 -1.04545
23 -2.10503 10.9781 -1.09887
24 -1.99885 11.02105 -1.31535
25 -1.92604 10.96916 -1.49057
26 -1.39383 11.5286 -1.37336
27 -1.56315 11.76123 -1.62447
28 -1.15508 11.77996 -0.68328
29 -1.31571 11.2848 -0.44003
30 -0.51619 11.8313 -0.76633
31 -0.76805 11.68643 -1.26549
32 -0.55321 11.79662 -0.36968
33 -0.61641 11.66813 -0.79987
34 -0.76376 12.54229 -0.85257
35 -0.11721 12.58135 -1.07796
36 -0.4507 12.23249 -0.13054
37 0.64739 12.65132 0.08395
38 -0.37373 12.2198 -0.40369
39 -0.6159 11.44043 0.27096
40 -1.21925 11.18042 -0.10157
41 -1.11648 10.54724 -0.37036
42 -1.40686 10.8123 0.08643
43 -1.76278 10.55388 -0.73122
44 -1.50809 10.10931 -0.49309
45 -1.56062 11.37811 -0.32049
46 -1.82771 11.33232 -0.87215
47 -1.51497 11.65965 -0.65159
48 -2.04598 12.02945 -0.81343
49 -2.36135 12.10016 -0.10996
50 -2.26913 11.5473 -0.01925
51 -2.18031 11.60659 -0.00918
52 -2.82407 11.82788 0.38951
53 -2.23325 11.93918 0.39995
54 -2.34788 11.80388 0.3376
55 -2.43945 12.54877 0.91952
56 -1.63177 12.72475 1.22617
57 -2.06193 12.99387 0.32509
58 -1.80793 13.13413 0.62464
59 -1.69284 12.76699 0.71279
60 -2.18208 13.20815 0.22765
61 -1.87418 13.0749 0.24172
62 -1.3498 13.15667 0.44809
63 -1.85317 13.46069 -0.09198
64 -1.79028 13.30191 -0.3736
65 -2.33411 13.32723 -0.12981
66 -2.59612 13.55991 -0.66931
67 -2.57725 13.53402 -0.339
68 -2.39892 13.52774 -0.45487
69 -2.77795 13.7074 -0.94231
70 -2.74531 12.89907 -1.1747
71 -2.59993 13.32082 -0.84108
72 -2.7191 13.12268 -0.26829
73 -2.44608 12.40707 -0.04588
74 -3.17438 12.57468 -0.83177
75 -2.46457 12.42067 -1.27925
76 -3.4107 12.2363 -0.43602
77 -3.12991 12.21163 -0.64154
78 -1.94518 11.99134 -0.13051
79 -1.99309 11.35082 -0.09833
80 -2.25024 11.46905 -0.18548
81 -1.52632 11.94519 0.27516
82 -1.69012 11.44303 0.87124
83 -0.78268 11.5817 0.14422
84 -1.29101 11.31903 0.76514
85 -1.64848 12.12435 0.03216
86 -1.69707 11.29023 0.33205
87 -1.46801 11.70955 -0.10084
88 -1.47613 11.18349 0.1243
89 -1.2853 11.53304 0.4321
90 -0.94282 10.89199 0.31904
91 -1.21991 10.67519 0.11469
92 -0.89531 10.94 1.13627
93 -0.80556 11.01295 0.4575
94 -0.98931 11.15449 1.15019
95 -0.76389 11.33542 0.56109
96 -0.32633 10.94763 0.26833
97 -0.57936 11.58939 0.53873
98 -0.23269 11.63711 0.21504
99 -0.45887 11.84824 -0.33392
100 0.02611 11.87317 -0.00793
101 0.39891 11.68192 -0.58152
102 0.3982 11.77734 -0.02252
103 0.18252 11.74553 -0.08598
104 0.39139 11.96059 -0.59239
105 0.38402 12.08106 -0.49407
106 0.01946 11.72663 -0.58325
107 -0.10185 11.96103 -1.10027
108 0.14635 11.49112 -0.13511
109 0.03265 11.40276 -0.8483
110 0.02157 11.11987 -1.04747
111 -0.51361 11.31929 -1.43999
112 -0.76194 11.28564 -2.06917
113 -0.68425 11.80444 -2.2865
114 -0.9138 12.34478 -2.76135
115 -0.66831 12.88586 -2.5423
116 -0.31253 11.93438 -2.41906
117 -0.06026 12.20392 -2.73287
118 -0.10293 12.13942 -2.62758
119 0.02813 13.04183 -1.97927
120 -0.20724 12.73109 -1.39777
121 -0.54167 12.18079 -2.61733
122 -0.74511 12.43264 -2.10509
123 -0.53121 12.16786 -1.64586
124 -0.70074 12.62901 -2.40607
125 -0.93678 12.51295 -2.74205
126 -0.88114 12.66436 -3.21995
127 -0.61414 12.7648 -2.72845
128 -0.71725 13.12058 -2.71851
129 -0.4227 12.60389 -2.15473
130 -0.41986 13.06715 -1.54636
131 -0.03394 13.57228 -1.86574
132 -0.40986 12.95521 -2.05617
133 -0.67753 12.92116 -2.04448
134 -0.50564 12.99032 -1.69333
135 -0.42342 12.6974 -1.85209
136 -0.87817 12.14275 -1.89258
137 -0.57721 12.65809 -2.17327
138 -0.52221 13.14947 -1.80518
139 -0.12 12.6202 -2.06637
140 -0.34955 12.59326 -2.06845
141 -0.14726 13.21566 -2.23702
142 0.26885 13.02491 -2.13195
143 0.14942 13.15836 -1.57167
144 0.4908 12.94012 -1.23703
145 -0.15047 12.85021 -1.46889
146 -0.33601 12.07133 -1.79356
147 0.00461 12.51059 -1.50639
148 -0.07992 12.63429 -1.48289
149 -0.32979 12.66444 -2.07912
150 -0.64203 12.87796 -2.2649
151 -0.89197 12.65177 -2.19793
152 -0.64717 12.90997 -2.33947
153 -0.85468 12.92296 -2.89055
154 -1.43595 12.3688 -2.76963
155 -1.55701 12.80373 -2.27207
156 -1.29768 12.90883 -2.06453
157 -1.70547 13.00068 -2.15778
158 -1.17449 12.74619 -1.44759
159 -0.89501 13.34088 -0.91436
160 -0.41478 12.82509 -0.72517
161 -0.5347 12.97265 -0.79102
162 -0.68142 13.23484 -0.95905
163 -0.41884 13.6985 -0.84558
164 -0.92127 13.61646 -1.21595
165 -1.17806 14.1024 -0.78191
166 -1.61467 14.89015 -0.99048
167 -1.13328 14.62915 -1.29862
168 -1.02212 15.13975 -1.27644
169 -0.44369 15.32656 -1.02996
170 -0.5171 14.72764 -0.54367
171 -0.05708 14.9546 -0.72259
172 0.69782 15.31433 -0.54635
173 0.54141 15.76736 -0.50908
174 0.60799 16.1649 -0.18849
175 0.70413 16.16832 -0.28873
176 0.77758 16.78937 -0.46803
177 0.24525 17.01976 -0.38161
178 0.60984 16.58405 -0.25709
179 0.21515 16.73771 -0.43247
180 0.43268 16.95416 -0.23005
181 0.14072 16.88213 -0.50599
182 -0.18032 17.43194 -0.37805
183 0.26916 16.98612 -0.22851
184 0.18175 17.5749 -0.11306
185 0.95782 17.47387 -0.08924
186 1.07462 18.03228 -0.25658
187 2.0115 18.55754 -0.4208
188 2.02006 18.23834 -0.73415
189 1.77102 18.70412 -2.16192
190 1.77143 18.2084 -1.22498
191 1.25064 17.05881 -0.56225
192 1.61926 17.5943 -0.74973
193 1.84929 17.40227 -0.07536
194 1.86072 17.15819 0.13246
195 1.69009 17.31287 -0.34138
196 1.29603 16.76897 -0.77716
197 1.68782 16.66275 -1.06947
198 1.39662 16.18709 -1.22612
199 1.33529 15.7706 -1.27837
200 1.34907 15.51225 -1.05172
201 1.46244 15.73616 -1.01516
202 1.19922 15.39743 -1.38718
203 1.19306 15.2131 -1.61942
204 1.50384 15.99675 -1.39149
205 1.08249 16.17246 -1.15466
206 1.25365 16.43581 -1.28236
207 1.94736 16.7819 -1.53382
208 1.86797 17.26679 -1.26683
209 2.02388 17.38074 -1.00948
210 2.41139 17.71252 -0.18558
211 2.39335 17.08369 -0.12307
212 2.36393 17.36381 0.21431
213 1.7094 16.94187 0.25642
214 1.98076 17.43309 0.08341
215 2.2667 17.02378 -0.04683
216 2.13907 16.89617 -0.2294
217 1.99793 16.96603 -0.05368
218 2.36714 16.79089 -0.24023
219 2.60249 16.4835 -0.35573
220 2.67423 16.19486 -0.74064
221 2.76052 16.27815 -0.3046
222 2.69835 16.69697 -0.75367
223 2.66562 16.97929 -0.7101
224 2.93028 17.38288 -1.69711
225 2.23977 16.74426 -2.04487
226 2.08503 16.65357 -2.01405
227 1.64622 16.41941 -2.36217
228 1.58483 16.40691 -2.59007
229 1.57095 16.53197 -2.57484
230 0.94641 17.1764 -2.09595
231 1.21355 17.02057 -2.03842
232 0.79791 17.35211 -1.79108
233 1.33696 17.32898 -1.87034
234 0.84695 17.97965 -1.96857
235 0.95138 17.63455 -2.72941
236 1.24611 17.50208 -2.85534
237 1.27404 18.12852 -2.35132
238 1.60871 17.855 -2.36737
239 1.1429 17.50859 -1.9572
240 1.55729 17.4987 -1.45043
241 0.4973 16.66745 -1.87048
242 1.31564 16.7892 -2.00533
243 1.02603 16.21138 -1.99216
244 0.78273 15.93154 -2.47174
245 1.04039 15.81543 -2.65713
246 1.62975 16.0714 -2.56888
247 1.17346 15.91973 -3.02343
248 1.09493 15.48702 -3.09627
249 0.94018 15.12567 -3.63996
250 1.557 15.45137 -2.86527
251 1.40622 15.31074 -3.14994
252 1.42365 15.06408 -3.35615
253 1.02646 15.01926 -2.91897
254 1.20607 14.67294 -3.71019
255 1.29058 14.71492 -3.77989
256 0.78168 13.67153 -3.28065
257 1.68227 14.36935 -3.70459
258 1.94093 14.86802 -4.04731
259 1.97827 15.49843 -3.87849
260 1.44374 15.59902 -4.15076
261 1.49542 15.45695 -3.77798
262 1.48207 16.08256 -3.94665
263 0.94018 16.03158 -3.97811
264 1.00664 15.7891 -4.58605
265 1.39135 16.03318 -4.67737
266 1.46713 15.92323 -5.0915
267 1.93179 15.87435 -6.11013
268 1.89939 15.66368 -6.09429
269 1.8286 15.61472 -6.55472
270 2.01 15.29417 -6.70502
271 2.11917 14.57535 -7.08784
272 2.00369 14.7837 -7.14869
273 2.38808 14.56224 -7.08267
274 2.25709 13.94213 -7.37327
275 2.48867 13.74666 -7.69341
276 2.68641 13.30476 -7.01574
277 3.02532 13.40422 -7.53461
278 3.29519 13.38576 -7.50514
279 3.36556 13.29388 -7.99759
280 4.02956 13.61902 -7.54529
281 4.30064 14.17183 -7.05764
282 3.75658 13.33681 -7.04721
283 3.56474 13.29737 -6.79338
284 3.61074 12.38393 -6.66778
285 3.61682 13.19543 -6.90007
286 3.46808 13.89167 -6.72944
287 2.76729 14.17969 -7.02724
288 2.36878 14.84034 -7.14755
289 1.98397 15.51921 -7.62061
290 1.98169 15.43173 -8.00811
291 1.79264 15.467 -7.97575
292 2.01624 16.01827 -7.85949
293 1.93739 15.67658 -8.05188
294 1.98421 15.72833 -8.30886
295 1.87805 15.45125 -8.31852
296 1.68755 15.16207 -8.06646
297 1.42125 14.85189 -8.24457
298 1.24376 15.03796 -8.7475
299 1.60832 14.6126 -9.77571
300 1.73728 14.6571 -10.12804
301 2.17536 15.19291 -9.85212
302 1.98544 14.95324 -9.61687
303 1.97347 14.68447 -9.87478
304 1.87811 14.82693 -9.50107
305 2.26808 14.35643 -9.40347
306 2.11558 14.34663 -9.11585
307 2.11284 14.4268 -8.32123
308 2.14821 13.99705 -8.89344
309 2.1831 13.90678 -8.26171
310 1.92989 13.05493 -8.31313
311 2.17966 12.5775 -8.92825
312 2.10885 12.61006 -8.7896
313 2.10511 12.55781 -8.77445
314 2.27568 12.08978 -8.57509
315 2.3399 12.17922 -9.69188
316 2.16104 11.73441 -10.41024
317 2.42765 11.25484 -10.74274
318 2.48231 11.717 -10.37185
319 2.18319 11.44624 -10.22454
320 1.81262 11.99651 -10.3935
321 1.42974 11.8517 -9.97218
322 1.40628 12.11781 -9.73016
323 1.28798 12.04187 -9.83616
324 1.16058 11.29056 -9.11466
325 0.95136 11.51344 -9.1603
326 0.57404 11.56762 -9.20374
327 0.71357 11.74817 -9.26849
328 0.15335 11.83919 -9.08864
329 -0.20202 11.5731 -9.04156
330 -0.18687 10.88696 -9.01543
331 -0.63585 11.94777 -8.50811
332 -0.90372 11.73843 -8.58777
333 -0.91983 11.58573 -9.41461
334 -0.68152 11.29189 -9.43865
335 -0.66355 11.59012 -9.78371
336 -0.73321 11.52699 -9.98758
337 -0.29922 11.56791 -10.40918
338 -0.51615 11.68704 -10.22243
339 -0.21874 11.14584 -9.98664
340 0.15899 11.00852 -9.71135
341 0.48514 10.73622 -10.17053
342 0.70118 11.42794 -10.32966
343 0.55994 11.59926 -10.36426
344 0.37705 10.99983 -9.49668
345 0.24635 11.14559 -9.66823
346 -0.07187 10.90353 -9.05309
347 0.16298 10.66589 -8.60327
348 -0.34103 10.76675 -9.04565
349 -0.12116 10.7608 -8.63745
350 -0.01172 11.66963 -8.37958
351 0.29046 12.39385 -8.56321
352 0.03107 12.38596 -8.35949
353 0.31653 11.83136 -8.22105
354 1.01131 12.59507 -8.33951
355 1.53002 12.52179 -8.16796
356 1.0518 12.14541 -7.87297
357 1.50485 12.2497 -7.97247
358 1.27281 12.23377 -7.95474
359 1.52519 12.78587 -7.80094
360 1.55346 13.06968 -7.58808
361 1.68112 13.52735 -7.42801
362 1.49766 13.39922 -7.06222
363 1.50809 13.83913 -6.95648
364 2.0191 14.39963 -7.10033
365 2.51493 15.07793 -7.28967
366 2.49733 15.53642 -7.6254
367 2.39416 15.01599 -7.91388
368 2.54556 14.92251 -7.77797
369 2.71831 15.24218 -7.52583
370 2.96051 15.04257 -7.05093
371 3.77333 15.34588 -6.75608
372 3.98531 15.67385 -7.72237
373 4.42889 15.62702 -7.47026
374 5.03039 16.30047 -7.21526
375 5.03585 16.05946 -7.75082
376 5.0888 16.14528 -7.63999
377 5.18813 16.03844 -7.21207
378 5.87327 15.71569 -7.78553
379 6.60844 16.01235 -7.85344
380 6.0999 16.32215 -7.88536
381 6.3705 16.41949 -7.53714
382 5.05924 16.26383 -8.07785
383 5.24447 16.01506 -8.062
384 5.47085 16.29474 -7.9316
385 5.30411 15.97311 -7.9504
386 5.2988 16.0443 -7.56932
387 5.71822 16.19216 -7.72529
388 5.94637 16.46969 -7.52971
389 6.30339 16.85395 -7.40383
390 6.01333 17.03866 -7.07163
391 5.84314 16.89566 -6.01252
392 5.77717 16.98226 -6.18027
393 5.62109 16.29203 -6.33665
394 6.14199 16.5138 -5.34656
395 6.59119 16.5386 -4.98912
396 6.93036 17.29988 -5.4445
397 6.73319 16.81245 -5.10173
398 6.99396 17.00894 -5.56514
399 6.58307 16.79056 -5.4872
400 5.98096 16.80568 -5.85753
401 6.45551 16.11536 -6.05631
402 6.1047 16.31084 -6.02615
403 5.30714 15.44227 -6.32636
404 5.5479 15.65087 -6.46658
405 5.1689 15.95458 -6.08276
406 5.84982 16.56965 -5.06667
407 5.36988 16.77744 -5.05783
408 5.56575 16.4672 -4.62521
409 5.4056 16.34928 -4.39006
410 5.74973 16.40784 -4.48778
411 6.00599 17.11079 -4.71438
412 6.28074 16.6286 -4.86255
413 6.18774 16.5655 -5.28771
414 5.98259 16.15375 -5.35205
415 5.94679 16.35951 -6.1498
416 5.52446 16.67454 -6.59948
417 5.94117 16.68456 -7.69689
418 5.9796 17.0377 -7.25328
419 5.8782 16.89251 -7.40286
420 6.46085 16.78147 -8.09245
421 6.28537 16.54745 -7.86519
422 6.24915 16.75141 -7.64017
423 6.54522 16.57864 -7.92117
424 6.37738 15.98388 -7.90452
425 6.58332 15.905 -8.11847
426 6.85656 15.72933 -8.8898
427 6.7285 15.46429 -8.36505
428 6.78728 15.88925 -8.04819
429 6.00274 15.66865 -8.11748
430 5.73635 15.85242 -8.1388
431 5.60963 15.16539 -7.58414
432 5.20719 16.10667 -7.08616
433 6.6184 17.07193 -7.00568
434 6.32838 16.99574 -7.60803
435 6.62401 17.03319 -7.23537
436 6.01473 16.97567 -7.00058
437 6.03418 17.06267 -7.6457
438 6.01176 17.34278 -7.48416
439 6.86513 17.48744 -7.76682
440 7.01404 16.82578 -7.84441
441 6.60876 16.89015 -7.7821
442 7.23203 17.34245 -8.03049
443 7.08184 17.32972 -7.92737
444 7.52519 17.68558 -8.03881
445 6.9266 17.84067 -7.94268
446 7.14865 17.90035 -8.12639
447 6.94651 18.00846 -8.50375
448 7.05844 18.00351 -7.98131
449 6.64022 17.59683 -8.66624
450 7.27542 17.6868 -8.62669
451 6.9418 17.65158 -8.80134
452 6.91899 18.07701 -8.69077
453 6.90771 17.6883 -9.02605
454 7.02672 17.96435 -9.38417
455 6.96955 17.77265 -8.94542
456 6.83951 17.68235 -9.42184
457 6.35982 17.33916 -9.81213
458 6.28671 17.06607 -10.03431
459 6.24945 16.56914 -10.02639
460 5.9769 16.36587 -10.12519
461 5.8963 16.07508 -9.67267
462 5.12858 15.61989 -9.7658
463 5.23125 15.85647 -9.7861
464 4.90488 15.23066 -9.64797
465 4.97079 15.37142 -9.34371
466 5.54344 15.68222 -8.87775
467 5.14196 15.66543 -8.74553
468 5.27185 15.49836 -8.60394
469 5.43877 15.85741 -8.18978
470 6.13421 15.7821 -8.35727
471 6.04367 15.90185 -8.51693
472 5.33913 15.17625 -8.54801
473 5.67829 15.23525 -8.33686
474 5.40345 16.0023 -8.32847
475 5.46385 15.96411 -8.49323
476 5.41182 15.39251 -8.71971
477 5.65004 15.18453 -9.0792
478 5.73021 16.11141 -9.27152
479 5.17935 15.90945 -9.10198
480 5.30232 15.89198 -9.15155
481 5.33727 15.5381 -8.84271
482 5.39244 15.81011 -8.43623
483 5.53851 15.44933 -8.18735
484 5.40391 15.12294 -8.06939
485 5.71338 15.06282 -8.16557
486 5.62543 14.94562 -8.02878
487 5.36477 14.2398 -8.25295
488 5.459 14.576 -8.44776
489 5.31572 13.99111 -8.66554
490 5.56575 14.38171 -8.93569
491 5.83145 14.22197 -9.27647
492 5.48896 14.29371 -9.75277
493 5.90313 14.64326 -9.95998
494 5.89054 14.73222 -9.41608
495 5.50536 14.77219 -9.63159
496 5.32507 15.01545 -9.37761
497 5.34981 14.70921 -9.42311
498 5.2463 14.54967 -9.87371
499 4.69057 14.43834 -10.03653
500 4.54371 14.42954 -10.48764
501 4.20966 14.88752 -10.77661
502 4.91839 15.1381 -10.62463
503 5.22008 15.17484 -11.01176
504 5.48221 15.49113 -11.20416
505 5.66117 15.91032 -10.51837
506 6.05391 15.76395 -10.94247
507 6.45726 15.93428 -10.71382
508 6.44632 16.05571 -10.73979
509 5.79486 16.27624 -10.67304
510 6.90825 15.71483 -10.97528
511 6.76925 16.15185 -10.92539
512 6.53555 15.89763 -11.02886
513 6.33716 16.33574 -11.459
514 6.22337 15.83912 -11.36108
515 6.73518 15.79544 -11.53577
516 6.50399 15.65584 -11.96705
517 6.81198 16.61086 -12.13858
518 7.97296 16.1115 -11.97502
519 8.52642 16.86663 -12.17049
520 8.18693 16.4351 -12.5804
521 8.07881 16.32818 -12.65026
522 8.25411 16.18884 -12.99315
523 8.46758 16.27083 -13.27896
524 8.7202 16.19961 -13.5253
525 9.01797 16.03949 -13.34052
526 9.23637 15.64482 -13.47704
527 9.06527 15.81923 -13.77363
528 8.82292 15.71295 -13.54291
529 8.83681 15.89823 -13.48093
530 8.54499 15.77685 -13.76615
531 8.18214 15.66846 -13.85078
532 8.10996 14.82266 -14.471
533 7.96106 14.76051 -15.16967
534 8.79106 14.79406 -15.06698
535 7.88484 14.68044 -14.96913
536 8.08633 14.82977 -15.54909
537 8.36829 14.8392 -15.76119
538 8.76835 14.61189 -15.59675
539 9.35504 14.05334 -15.75112
540 9.34802 13.27157 -15.94296
541 9.62077 13.03392 -15.69794
542 9.30905 13.22949 -15.41515
543 9.16492 13.09985 -14.93441
544 9.27641 13.20026 -14.56726
545 9.18908 12.97292 -14.28738
546 8.95996 13.29956 -14.61784
547 8.86642 12.96109 -14.30575
548 8.35806 12.81267 -14.23425
549 8.36941 13.05901 -14.17437
550 7.77308 12.76624 -14.05301
551 6.96617 12.32139 -14.17197
552 6.33307 12.29052 -13.90868
553 5.78808 11.95369 -13.89345
554 5.68102 12.39287 -12.68504
555 4.97808 12.35006 -12.97947
556 4.88263 12.77197 -12.98263
557 5.14786 12.5871 -12.83083
558 4.80071 12.59044 -12.47673
559 4.40404 12.54136 -12.43297
560 4.21713 11.76811 -12.42671
561 4.11368 11.87167 -12.32065
562 4.03605 11.12112 -13.02289
563 3.87706 11.66984 -12.74367
564 4.15522 11.83822 -13.19329
565 4.0842 11.88679 -13.34851
566 4.20714 11.3821 -13.34148
567 3.67941 10.92781 -13.73059
568 3.24217 10.92323 -13.52706
569 3.18801 10.81788 -14.24073
570 2.90513 11.05729 -14.60347
571 3.06451 10.80591 -14.93208
572 3.43747 10.62168 -15.18519
573 3.79546 10.91919 -15.30893
574 3.97451 10.35388 -15.25275
575 4.4052 10.61313 -14.89514
576 4.70688 10.87744 -14.70513
577 3.45283 9.88731 -15.18025
578 3.126 10.25895 -15.3952
579 1.75139 9.90845 -15.75385
580 1.61899 9.78591 -15.42475
581 1.127 10.21016 -15.48038
582 1.12083 10.43679 -16.04708
583 0.29343 10.74454 -16.14003
584 0.82759 10.68299 -15.80644
585 1.01301 10.48112 -15.64172
586 0.95333 10.35613 -15.19185
587 0.76512 10.49832 -14.65195
588 0.78022 10.08118 -14.38354
589 0.95299 9.20256 -13.73015
590 1.31333 9.98649 -13.25404
591 0.99896 10.29936 -12.67047
592 0.63252 10.2076 -13.5168
593 1.05381 10.17605 -13.6533
594 1.07334 9.96753 -14.05615
595 1.00514 9.88887 -13.53761
596 2.40397 10.33778 -13.57033
597 1.95437 10.52357 -13.59454
598 1.82563 11.1361 -13.92345
599 2.14738 11.14531 -13.65338
600 2.08561 11.31593 -13.08143
601 1.99085 11.6161 -12.84772
602 1.59947 11.88452 -12.28663
603 0.71177 11.64896 -12.2668
604 1.05058 11.6409 -12.27317
605 1.81091 11.66951 -12.1909
606 1.40079 11.54584 -12.28965
607 1.327 11.24988 -12.67019
608 1.29673 10.88774 -12.20918
609 1.10365 10.86448 -12.57764
610 1.49518 10.95329 -12.78033
611 1.46189 10.37625 -12.80143
612 1.59763 10.32936 -12.46778
613 1.335 10.60688 -12.54551
614 1.35938 10.95369 -12.60424
615 1.54291 11.07056 -12.82948
616 0.74184 11.14363 -12.66921
617 0.79855 11.03852 -12.68876
618 1.02636 11.08419 -12.35195
619 1.11932 10.85926 -12.06661
620 0.8815 11.18453 -12.84215
621 1.02987 11.65949 -12.23802
622 0.9553 12.14554 -12.6558
623 1.56482 12.58085 -13.02149
624 1.15335 12.21805 -12.53467
625 1.47429 12.43803 -13.0656
626 0.97129 12.59951 -13.35445
627 1.1748 12.46676 -13.02565
628 0.6324 12.68578 -12.67042
629 0.1475 12.58685 -12.25779
630 0.30782 11.83754 -12.0697
631 0.03305 11.30478 -11.45515
632 -0.49927 11.10747 -11.40872
633 -0.62676 11.17901 -10.6144
634 -0.68617 10.93012 -10.63187
635 -0.36625 10.65414 -9.98045
636 -0.59593 10.48352 -10.80351
637 -1.23484 10.42243 -10.87977
638 -1.00354 10.29051 -10.67567
639 -0.79911 10.04546 -10.93023
640 -0.56876 9.76222 -10.45141
641 -0.66196 9.55213 -10.69949
642 -0.86988 9.04115 -11.1354
643 -0.79959 8.83058 -10.60782
644 -0.64886 8.55243 -9.69246
645 -0.39146 8.87888 -10.22011
646 -0.0386 8.55928 -10.09721
647 -0.41915 8.53468 -9.43043
648 -0.4589 8.32039 -9.99201
649 -0.79216 8.27935 -9.8568
650 -0.13988 8.82937 -9.42088
651 -0.22874 8.54019 -9.67535
652 -0.50251 8.5829 -8.79861
653 -0.02186 9.08186 -8.06258
654 -0.57268 9.03299 -8.16382
655 -0.49807 9.64533 -8.15962
656 -0.994 9.4226 -7.93217
657 -0.87905 9.18767 -7.85666
658 -1.21767 7.82923 -6.77638
659 -0.91764 7.75511 -6.33635
660 -0.60071 7.21459 -6.46426
661 -0.76565 7.23318 -6.21987
662 -0.81852 6.98132 -5.88921
663 -0.31298 6.55916 -6.03048
664 -0.58208 6.64468 -5.8204
665 -0.13449 7.21066 -5.66965
666 -0.11303 7.09329 -5.70034
667 -0.08765 7.5027 -5.61745
668 0.18288 7.50682 -5.81891
669 -0.2423 7.74515 -6.08966
670 -0.56008 8.35512 -6.28068
671 -0.75743 8.79627 -6.03828
672 -0.66826 8.8238 -6.97293
673 -0.55491 8.63537 -6.86643
674 -0.26646 8.79087 -6.80952
675 -0.35152 9.08892 -6.8281
676 0.0494 9.31543 -6.79912
677 0.40495 9.18281 -6.84778
678 0.50064 9.20176 -6.71091
679 0.30321 9.2087 -7.09152
680 0.60515 8.81868 -6.97025
681 0.98796 9.29806 -7.08019
682 1.15849 9.20374 -7.75277
683 1.65227 9.21315 -7.05484
684 2.01393 8.98101 -7.07752
685 1.78046 9.14932 -7.52919
686 1.46181 9.24977 -7.32022
687 1.23939 9.19523 -7.32004
688 1.26408 9.3293 -7.60126
689 1.27987 9.84206 -7.46491
690 0.74821 9.34353 -7.85719
691 1.14494 9.23961 -7.28328
692 0.82315 8.97206 -7.30295
693 1.4379 8.98571 -7.27667
694 0.76845 8.59888 -7.57917
695 1.00774 8.56755 -7.26205
696 1.2169 8.09562 -6.69268
697 1.03027 8.35469 -7.11339
698 0.69914 8.71226 -7.24992
699 0.35071 8.9884 -7.46734
700 0.41244 8.8672 -7.64097
701 0.54184 9.46206 -7.271
702 0.22104 9.5936 -7.83985
703 0.86633 9.92341 -7.74629
704 0.6158 10.03165 -7.60534
705 0.55911 10.31509 -7.73944
706 0.24572 10.95927 -8.51098
707 0.47027 10.54038 -8.54548
708 0.03629 10.12958 -9.20303
709 0.62441 10.01272 -8.84382
710 0.20722 9.89338 -8.94266
711 0.319 9.81826 -9.14323
712 0.67228 9.98643 -9.38754
713 0.45966 9.78428 -9.05667
714 0.11316 8.61857 -8.65878
715 0.12454 8.68862 -8.40611
716 0.17788 8.62418 -8.33476
717 0.28666 8.53775 -8.48057
718 -0.54416 8.91455 -8.82027
719 -0.05454 8.37253 -8.7986
720 0.01375 7.98329 -8.64244
721 0.25024 8.67393 -9.23675
722 0.27037 9.10533 -9.32943
723 0.37884 9.18508 -9.6684
724 0.18972 9.19724 -9.28509
725 0.36471 8.87447 -9.25738
726 0.42844 9.6722 -9.51682
727 0.63483 8.72085 -9.41254
728 0.6805 8.59313 -9.20841
729 -0.12735 8.20947 -9.29435
730 -0.05457 8.13407 -9.39247
731 -0.07609 7.16692 -9.27536
732 0.14418 7.51894 -9.30473
733 0.02401 6.58351 -9.18842
734 -0.13834 6.25867 -9.15983
735 -0.68553 6.23007 -9.51763
736 -0.97457 6.1294 -9.78272
737 -0.31037 6.14199 -10.13043
738 -0.32836 5.35813 -10.22021
739 -0.28291 5.8041 -10.75915
740 -0.0488 5.40791 -10.36668
741 0.22276 5.55138 -10.08006
742 0.07754 5.65004 -9.92565
743 -0.26124 4.71419 -10.07801
744 -0.41487 4.80876 -9.8208
745 -0.67996 4.60865 -10.52507
746 -0.4645 4.42296 -11.09621
747 -0.607 4.49313 -11.39585
748 -0.80765 5.03391 -11.32956
749 -0.47319 5.33014 -11.09092
750 -0.65556 5.2031 -11.36072
751 -0.44063 5.2913 -11.37818
752 -0.30665 5.42906 -11.37291
753 -0.07014 5.10828 -11.21509
754 -0.32487 4.93052 -11.07338
755 -0.43902 5.34056 -11.39414
756 -0.38014 5.52976 -11.6826
757 -0.30065 5.01731 -11.42763
758 0.2558 4.99106 -12.02591
759 0.3973 4.59692 -12.09889
760 0.48411 5.03633 -12.13388
761 1.29013 4.67081 -12.25998
762 0.68208 4.54106 -12.2159
763 0.17663 4.16015 -13.21009
764 0.1832 4.58504 -13.46215
765 0.19279 4.29371 -13.93651
766 0.40691 4.57258 -13.8346
767 0.73756 4.05656 -13.95444
768 0.41229 4.34149 -14.34995
769 0.33909 3.92671 -14.21713
770 0.54599 4.09918 -14.48741
771 -0.13302 3.74571 -14.37347
772 -0.46005 3.9546 -14.03759
773 -0.67274 3.6603 -14.58427
774 -0.55929 3.87128 -14.73484
775 -0.5026 3.52601 -15.23748
776 0.36312 3.57608 -15.71558
777 -0.01876 3.51617 -16.09249
778 0.24841 3.06945 -16.71006
779 -0.73242 2.89391 -16.38713
780 -0.30085 2.68362 -16.94941
781 0.04622 3.03483 -16.66947
782 -0.15872 3.20255 -16.7364
783 0.35607 3.19316 -17.08573
784 0.62756 3.15991 -17.98991
785 0.73643 2.50006 -17.93576
786 1.39876 2.89389 -17.92289
787 0.85121 2.31803 -17.77434
788 0.5482 2.92294 -17.43246
789 0.08257 3.75985 -17.58492
790 -0.20232 4.03592 -17.23678
791 0.21151 3.91312 -17.30298
792 0.1275 4.36526 -17.00416
793 0.46819 4.16546 -16.99003
794 -0.13706 3.8204 -16.72131
795 -0.85576 4.21527 -16.61973
796 -0.55097 4.11089 -16.86845
797 -0.61399 4.89959 -16.86726
798 -0.77344 4.99195 -16.48274
799 -0.70108 5.31105 -16.1004
800 -0.98323 5.36177 -15.66242
801 -0.71025 5.73748 -16.3491
802 -0.39914 5.77653 -15.94084
803 -1.13334 5.99488 -16.04905
804 -1.45511 5.42159 -15.6032
805 -1.29326 5.51569 -15.71817
806 -0.65263 6.15983 -15.57887
807 -0.53972 6.38276 -15.55906
808 -0.31334 7.01114 -15.7365
809 -0.34347 7.06823 -15.7864
810 -0.34883 7.04058 -15.82596
811 -0.26842 6.74363 -15.96745
812 -0.30142 6.99658 -15.88861
813 -0.33607 6.79546 -15.64522
814 0.02671 7.40713 -15.70673
815 0.53623 7.59855 -16.00526
816 0.70631 7.00477 -16.31248
817 1.25745 6.68283 -16.91351
818 1.31615 6.5932 -16.80196
819 1.21908 5.84326 -16.73361
820 1.78029 6.2073 -16.54853
821 2.04586 5.94553 -16.71633
822 1.99191 5.66442 -16.28035
823 1.43416 5.64219 -16.75711
824 1.51175 5.52727 -16.39899
825 1.83182 5.29652 -16.97339
826 1.27291 5.5273 -16.5406
827 1.91861 5.25297 -16.72987
828 2.12212 6.0316 -17.06984
829 2.04266 5.95534 -17.02549
830 2.32065 5.86541 -16.68089
831 1.23648 5.74539 -16.75463
832 1.64873 6.31672 -16.5004
833 1.62018 5.4588 -16.72463
834 1.00097 5.2548 -16.58437
835 1.40821 5.22378 -16.46528
836 1.80244 5.38269 -16.00494
837 1.59356 5.32917 -16.53768
838 1.75278 5.07884 -16.33387
839 1.06033 5.10417 -16.27578
840 0.87061 5.2574 -16.62303
841 1.19497 5.79893 -16.8354
842 0.68207 5.46593 -17.03782
843 0.85975 5.63574 -16.96102
844 0.9851 5.92297 -17.22082
845 0.8025 5.99692 -17.81458
846 0.54086 5.85744 -18.16785
847 0.67605 6.00065 -17.91215
848 0.44273 5.87789 -17.46983
849 0.5433 6.13339 -18.55163
850 0.34266 6.28033 -18.40228
851 0.29238 6.3178 -18.31603
852 0.69634 6.26978 -18.65602
853 0.84139 6.10996 -18.24849
854 1.44828 5.7966 -17.7028
855 2.15649 4.94571 -17.60795
856 2.71238 4.55343 -17.54231
857 3.02078 4.31243 -17.71426
858 2.99907 4.01702 -17.70184
859 2.98398 3.6231 -17.85838
860 3.02439 3.52454 -17.85059
861 3.30848 3.22249 -17.77964
862 3.47042 3.53119 -17.43647
863 2.65261 3.871 -17.74362
864 2.44568 3.84981 -17.83171
865 2.4219 3.93001 -17.65699
866 2.76163 3.86311 -18.29211
867 2.94419 3.61854 -18.33885
868 2.85495 3.83216 -18.18549
869 3.03884 4.25507 -18.18794
870 2.85532 3.67271 -18.36468
871 2.90723 3.58923 -18.05297
872 3.25648 3.97022 -18.47112
873 3.89242 4.55316 -18.59371
874 3.62821 4.20536 -18.65247
875 3.176 4.41482 -18.59785
876 3.4282 4.29403 -18.12129
877 2.90187 5.06199 -18.22185
878 2.25665 5.14759 -18.13481
879 2.599 5.25862 -18.31241
880 2.73156 4.57178 -18.48806
881 2.39947 5.08719 -18.11967
882 2.15762 5.4881 -18.27825
883 2.06579 5.91796 -17.78977
884 2.26635 6.38315 -17.39815
885 2.04191 6.60124 -18.49434
886 2.1348 6.41002 -18.08651
887 1.78956 6.00442 -18.2401
888 1.70753 6.6789 -18.62795
889 2.03544 6.56369 -18.35731
890 2.37548 7.09414 -18.83362
891 2.47289 6.82084 -19.20552
892 1.92635 6.7451 -19.63292
893 2.11075 6.27536 -20.28899
894 1.67457 6.23508 -20.63964
895 2.19442 6.09989 -21.19235
896 1.82427 6.10748 -21.06716
897 2.25953 6.14457 -21.54532
898 2.33221 6.74421 -21.42105
899 2.12703 6.95982 -20.97914
900 2.32944 6.61513 -20.30743
901 2.43381 6.40623 -20.45699
902 3.0478 6.58043 -20.56421
903 2.88425 6.90922 -21.05596
904 3.43271 6.70151 -21.0561
905 2.76419 6.14705 -20.71042
906 2.68692 6.71394 -20.38595
907 2.84651 6.52877 -20.2696
908 2.48185 6.5793 -20.41645
909 2.28858 6.74085 -20.794
910 1.97419 6.4399 -21.06674
911 2.7622 6.84022 -20.57552
912 2.63543 7.12025 -20.95974
913 2.52509 7.34802 -21.08554
914 2.56357 7.52446 -21.11242
915 2.58663 7.90305 -21.61926
916 2.21664 7.59611 -21.07177
917 2.16384 7.82074 -21.49776
918 2.26172 7.31606 -20.84717
919 1.99894 7.1906 -20.32936
920 2.21266 7.67909 -19.6925
921 2.38413 8.34143 -19.7194
922 2.10329 8.47442 -19.15364
923 2.51688 8.48337 -19.32865
924 2.75833 8.26101 -19.10971
925 2.726 8.70956 -19.20356
926 2.57015 8.60125 -20.13117
927 2.31379 7.85595 -20.24063
928 1.73195 7.78238 -20.27306
929 1.885 7.79922 -20.26573
930 1.60138 7.33754 -19.95125
931 1.04448 7.04938 -19.9337
932 1.25629 7.51195 -20.32861
933 1.2644 6.39205 -20.24119
934 0.63146 6.82422 -20.51926
935 0.77528 6.63377 -20.47203
936 0.82655 6.40734 -20.73431
937 0.7508 7.75791 -20.88
938 1.05274 7.65445 -21.5471
939 1.26394 8.33141 -22.1568
940 1.13895 8.16461 -22.25885
941 0.94478 8.66839 -21.69436
942 1.40412 8.94701 -21.82058
943 1.38819 8.96244 -20.81622
944 1.1864 8.54798 -20.01587
945 1.13033 9.16827 -19.92593
946 1.19492 8.96772 -19.76695
947 0.70319 9.06525 -19.59517
948 0.46975 9.35432 -19.61425
949 0.39519 8.75242 -19.78523
950 -0.24143 8.62175 -20.89146
951 -0.6302 7.64601 -20.55418
952 -1.17213 7.18411 -21.08484
953 -1.5203 6.28629 -20.59827
954 -1.9025 6.47279 -20.63656
955 -1.8234 6.46606 -20.4146
956 -1.68831 6.41971 -20.89937
957 -1.90898 5.89993 -20.38997
958 -1.68751 5.90091 -20.55604
959 -2.12908 6.51227 -19.91972
960 -2.20878 6.49245 -19.88901
961 -2.33062 6.45276 -20.48297
962 -2.65578 6.48509 -20.28055
963 -2.6219 6.71308 -19.90064
964 -2.39081 6.73138 -19.90806
965 -2.33115 6.38968 -19.72781
966 -1.79039 6.43273 -19.08431
967 -1.65288 6.75865 -18.60543
968 -1.54291 6.47857 -18.4704
969 -1.4224 6.57755 -18.16497
970 -1.09663 6.91729 -18.39753
971 -0.79277 6.87052 -18.27854
972 -0.76458 6.97207 -18.59309
973 -0.54176 7.84162 -18.87741
974 -0.3139 7.58664 -19.0645
975 -0.35806 7.53214 -18.31928
976 -0.33144 7.64876 -17.77011
977 -0.45145 7.86216 -17.60719
978 -1.02443 7.12273 -17.27915
979 -1.48778 6.67836 -16.69995
980 -0.93465 5.7558 -16.95645
981 -0.27766 5.30522 -17.02611
982 -0.58978 5.39136 -17.06351
983 -0.64614 5.89485 -17.05143
984 -0.39368 5.88216 -16.80177
985 -0.56404 5.33155 -16.75521
986 -0.81538 5.37843 -16.91994
987 -1.2695 5.06714 -16.75037
988 -1.30361 4.95131 -16.42004
989 -1.14508 5.46049 -16.4289
990 -1.09945 5.10897 -16.53199
991 -1.83667 5.08133 -16.8953
992 -1.95356 4.39961 -16.47086
993 -2.0968 4.54017 -16.12139
994 -2.28459 4.36394 -16.51193
995 -2.01429 4.67969 -16.64014
996 -2.28733 5.39196 -16.67634
997 -2.77909 4.75802 -16.81438
998 -3.16946 5.17658 -17.39879
999 -3.08206 5.25653 -17.20486
0 -13.41146 1.22464 -1.57484
1 -10.92621 2.06044 -1.37709
2 -8.43143 2.86509 -1.17059
3 -5.92931 3.64569 -0.96043
4 -1.97859 5.32051 -0.6239
5 0.12142 9.5993 -3.29001
6 0.34056 9.46722 -2.85276
7 -0.34165 9.19046 -2.4841
8 0.3709 9.14467 -2.85006
9 -0.38692 9.8037 -1.86131
0 -13.41146 1.22464 -1.57484
1 -10.92621 2.06044 -1.37709
2 -8.43143 2.86509 -1.17059
3 -5.92931 3.64569 -0.96043
4 -1.97859 5.32051 -0.6239
5 0.12142 9.5993 -3.29001
6 0.34056 9.46722 -2.85276
7 -0.34165 9.19046 -2.4841
8 0.3709 9.14467 -2.85006
9 -0.38692 9.8037 -1.86131
10 -0.67007 9.72395 -2.48109
11 -0.98355 10.06117 -1.57307
12 -0.71816 9.9493 -2.17288
13 -0.98528 10.0283 -1.91259
14 -0.76949 11.14114 -1.45582
15 -0.624 11.86006 -1.47688
16 -1.62152 10.89905 -1.89873
17 -1.12401 11.63704 -2.26713
0 -13.41146 1.22464 -1.57484
1 -10.92621 2.06044 -1.37709
2 -8.43143 2.86509 -1.17059
3 -5.92931 3.64569 -0.96043
4 -1.97859 5.32051 -0.6239
5 0.12142 9.5993 -3.29001
6 0.34056 9.46722 -2.85276
7 -0.34165 9.19046 -2.4841
8 0.3709 9.14467 -2.85006
9 -0.38692 9.8037 -1.86131
10 -0.67007 9.72395 -2.48109
11 -0.98355 10.06117 -1.57307
12 -0.71816 9.9493 -2.17288
13 -0.98528 10.0283 -1.91259
14 -0.76949 11.14114 -1.45582
15 -0.624 11.86006 -1.47688
16 -1.62152 10.89905 -1.89873
17 -1.12401 11.63704 -2.26713
