0 858505.0198361258 917490.7146597402 927666.2936422416
1 830981.7793196954 911078.4160338207 914928.8812192491
2 835577.6847358345 884994.4580255128 910652.3210231682
3 829984.565297447 856622.5004532771 877846.8993110594
4 831539.7963404533 842694.3089304047 869127.0047044937
5 831686.4832040499 852233.173434103 896910.4835192215
6 819112.72957823 840254.6846561123 893690.0489807948
7 820055.4756440185 863810.6142564503 887482.6191239062
8 815830.0717344846 851064.8723102878 876417.5524505387
9 833578.942133636 853228.5265270085 877181.3555651146
10 846466.5120242003 849521.9260401977 882959.5510192044
11 826002.2847757407 852879.526508088 875111.9560626303
12 800937.0243712446 855800.4545437439 873486.7290450335
13 817145.7247997993 866465.0782392173 872361.7408383228
14 815100.1035813919 844735.9621026117 881548.5751464396
15 834321.6449350566 859858.5860144941 860286.827255632
16 798813.5894999647 859053.5182098906 884529.2608949223
17 822746.1461810559 846067.0758020189 868051.13489481
18 819548.9388749852 851567.7533585796 879097.8223060142
19 806713.045641084 846662.7477886826 875944.7789473956
20 815482.4325057432 844967.3418973588 860165.9816465272
21 785858.8576990603 851408.2490135123 911592.914861991
22 809792.6218367587 846630.3975586098 873819.5511892566
23 811408.5544325105 848825.3643434759 872122.901034451
24 804796.7112433886 854388.6848670046 874383.3262476561
25 810984.0237094542 839208.2019666082 874053.6077554055
26 805893.2070939639 837325.3405749564 880058.0734003964
27 805937.2104268831 853142.387654267 874098.6268356396
28 804776.1690453284 840958.2356050985 868056.2549777769
29 781205.1716870784 841586.5031871065 892884.339106986
30 801579.1230732495 834540.1240638081 901311.3291198979
31 789930.946000336 833495.5041833156 900390.9405208087
32 801297.3822901328 814951.6529709297 911477.5015700924
33 813931.8210220513 838486.3686922919 908663.8701294931
34 784200.0547356766 854224.1895382294 904219.5652922806
35 811125.6572382104 854977.1549917861 899659.8251161402
36 811242.6451094527 853754.8858806022 906785.8051748065
37 807504.4206771503 830144.3463133741 888951.1818378086
38 805902.5274661676 823910.3060016362 908878.6057293629
39 801245.2011067113 842284.9146782581 893311.7045702627
40 808258.1948473365 866942.8630963032 876598.6750880608
41 800531.3965381451 853418.3957288103 871151.285270166
42 817059.1722846095 850937.7187893318 872055.6123755645
43 798967.6216140222 867577.5663309953 877564.8590465711
44 828135.3584209452 854108.4906380875 875688.6998169144
45 810423.4444441446 842505.7283318053 877376.2256673276
46 808001.3489612738 851013.4644474803 882819.0029927718
47 801460.1082050302 849676.902140639 860617.8394086922
48 808854.4554222242 851471.791942507 891626.8168741374
49 800859.1536737449 860354.5123914485 874031.4421890854
50 798519.9873501627 838237.7803471169 882359.19595959
51 802684.7431947639 852984.8708087503 896102.88711331
52 797821.7125780336 840797.2833621226 885762.2047446666
53 799740.5283064648 856256.8753895606 871941.2036960674
54 792605.0149544654 853592.3282580201 872597.2491616118
55 795859.1937297045 854553.6338926251 894462.230489951
56 825338.3270185034 841894.7486203379 862304.6956346035
57 824863.3905461914 853326.4468321203 862171.770650089
58 805661.3701512871 845871.3392610475 871022.5222686324
59 806941.8763319986 860575.8082105475 875563.4495586882
60 830425.3524391999 852709.0185983285 874666.8890186923
61 814282.4258895592 855122.5234229022 877586.9773614674
62 804356.5950310141 851968.7040713782 880694.5719866091
63 817093.5753267972 852863.514525191 860696.2894755806
64 812185.2520283253 841650.6663630215 877760.4075865508
65 805174.4937064865 853425.1029990904 878131.3267605893
66 817105.525275137 845020.678147772 875761.0632684735
67 810819.1523309681 858969.5191867538 868697.3851933993
68 806710.1650239793 859798.0378321218 865291.3444536013
69 806967.6128201033 846689.0649488877 881252.5697354049
70 811554.5285550047 864664.9042022136 874925.3464209206
71 813299.527977763 856806.5203770571 872515.093823747
72 810164.7636527322 851679.0857542048 870599.6659538669
73 837168.0558336353 845037.1574759799 891313.8755434972
74 814135.3369298318 857174.1898392362 876552.9516721963
75 816034.6511072409 872646.94236993 875324.3228307975
76 815338.1016239619 866769.05235722 884676.4292213361
77 818880.5862709837 859625.0704663512 876925.4827143322
78 829360.5705425527 851533.224984064 859261.2524229017
79 810424.0677449622 851828.3307962362 878117.8022863753
80 822608.1374049527 854643.1654607253 870548.9865830519
81 824005.5686020593 856917.7499037881 881751.6529722989
82 833491.2998633814 852329.9736138111 867181.9424012855
83 837772.674850979 842232.9314949677 858417.3609859247
84 817388.4865663085 839467.9307094914 861998.2957627905
85 816803.921447108 864425.2383512043 871374.9951008561
86 833876.8365575883 846362.7529011968 858805.5169563178
87 805216.4775340161 849616.3412082595 882653.8744479814
88 827946.4696488192 832588.0437620255 884696.7059542099
89 812203.9606473545 850461.7086885199 867242.729355465
90 816437.3615643819 864165.5674263043 875422.9500360504
91 816900.955079869 858773.1180074799 892587.0236649638
92 832230.4886174616 857815.5013537991 898844.4116809304
93 832896.9891929431 842721.0435743806 876967.4834006076
94 835907.7365095123 843371.8871537247 867281.0677723011
95 814997.8698860615 841384.5689572465 865951.6358693179
96 825293.4183159367 849314.5041508279 870019.3556322755
97 807597.0607904395 864113.9764132135 883908.1000302085
98 819902.0220167034 852488.6438771208 865818.692376875
99 828043.4053097161 850319.5495253862 869494.7136553602
100 796004.2298471159 856919.4234041444 878328.2424442477
101 829240.0906679642 849876.9482977192 871590.0205973578
102 814238.9936625743 854565.8547612464 862625.2684349706
103 818354.5538665175 863645.6302861376 868523.6769194076
104 807210.7085989674 853938.6817309838 872819.2152991412
105 816769.9082263566 843884.8640561989 883724.2941266836
106 818529.5303055535 842343.0530998819 879154.1715121929
107 814604.5170388398 846454.2296205054 862295.6694797614
108 812480.4831810694 852700.9260461788 869599.8221818438
109 818926.506145728 847123.7959100349 877809.6299719015
110 831218.5195113068 854327.335300747 860658.8133923362
111 806602.2314433911 834692.2979349274 879949.8530318643
112 828766.8759342663 849762.7073596223 855333.6529634694
113 810324.7272092933 862149.5330650556 868602.8924779352
114 816720.1112300063 832531.9764485606 869928.3985778734
115 823343.8845245988 852355.385671865 860389.7791277267
116 810831.7800966051 854877.1759404349 861918.3982029324
117 811291.6329994135 859785.0631919714 862064.2283461291
118 814270.7691373196 848712.736014864 871745.4746818555
119 823483.6469634195 849968.2835152954 865040.6195339331
120 814965.049406783 852893.1373444719 857165.0789604994
121 802414.5890687187 844003.7121764183 860261.6262349203
122 822990.3432825546 833386.9784299206 862023.8707243636
123 822762.8963727609 853575.0273604243 862893.977550586
124 799307.7223074763 858253.2481078525 872518.5638370251
125 821145.8484714591 849897.7446601029 852756.4293128325
126 801317.9901327152 861873.1209588052 867278.2175169614
127 822994.4608012114 836944.1935583736 870686.1790210947
128 801907.6104717501 847478.9203411617 868866.7110942573
129 819816.1774313034 842408.9445257557 872631.5158158637
130 817066.1687105476 837267.3174891598 871152.9284088423
131 796530.4583579764 846744.4386146271 879618.7152398169
132 815468.8171156812 849767.0630082646 862493.9440658909
133 818662.939931795 849595.6508161803 862666.1979332357
134 798755.6343791456 856444.7910131882 869986.7555248805
135 824671.8568422016 854128.7949515941 868626.7270783023
136 815030.1902111236 849108.2447541245 882472.7175820685
137 815250.4786655323 857242.8957775515 873290.8086409908
138 810652.9814744281 855073.449619175 875716.923546565
139 814060.0677462283 829755.697381462 876844.0461223935
140 803139.6210701651 854403.1260221283 864349.5825980755
141 809463.6553448649 835566.2493486714 865184.6331265578
142 818794.5483961498 842972.9146121088 858917.0638185481
143 793670.5135452264 852335.145578341 872273.1635003408
144 813524.7717876364 846631.4724100579 870165.9942576998
145 805714.6385319399 866033.3954779332 882368.7068890375
146 795313.2788829356 868355.7205458193 880030.3231618706
147 813816.9970528419 847667.0291182874 863180.3560842929
148 803766.6651508366 853873.565023647 881700.1653055059
149 820406.3740560196 842210.5170117525 876854.2075505625
150 817991.3321276519 849341.8437035555 872385.1028349306
151 795616.1103970802 858675.6028093332 870990.881155697
152 808867.068037254 863788.8964459171 884245.2001731528
153 807803.1461658757 845443.7694788375 889297.902465743
154 829200.3255633711 838822.781637431 897104.269612554
155 797912.9092469316 877203.7605287873 891013.4025734803
156 786309.069969705 877002.6050773696 890275.0260641254
157 809580.6299371726 856472.9946160649 887784.5514356348
158 801117.0625804213 859323.1161900013 900151.2442556747
159 795770.5000248519 862441.8851843615 899387.3511776321
160 819230.6850295869 857768.0725545469 885034.879567459
161 789509.1401666597 868388.9807633648 888851.1870843613
162 797452.6900094629 859340.6132178556 877098.5552903356
163 782755.1819410252 873315.3630575072 887647.3704294967
164 805385.9522610719 864137.0563390771 875052.9907572555
165 784809.752797263 866155.8084999891 900351.7887418254
166 795857.5671330269 855651.2984484767 890538.9554860883
167 794598.929869047 850593.4562580318 894954.3484213513
168 787435.3370492411 849373.586882336 885223.3396810952
169 809187.1130168339 857270.228463948 900406.7079655993
170 794663.7395735362 867648.269814627 879346.0239503736
171 798967.846066877 849035.5137478441 882898.6101393707
172 799632.4501302051 864537.9580352644 896446.9060197118
173 802393.3081936633 835107.3327961026 911561.8332466807
174 790026.0294578511 856494.3338855949 914629.6538086344
175 800650.8602605084 833067.6769952028 893628.717626198
176 792673.559961967 854396.9986805378 919373.4033212044
177 779650.8794006313 847289.7769801165 918615.6825980684
178 796601.434801753 849335.7022844126 894913.4418877813
179 804534.3188508665 855536.7708183925 867952.8890662905
180 800945.4087644655 825130.2171714513 899210.6246449008
181 797582.3545330933 859576.027083513 879195.7470159435
182 792394.9299725312 864628.3206513466 892160.8268935872
183 804976.0608090241 858846.6809300255 894525.5812481081
184 790594.622201268 865585.2387661008 888712.3341117884
185 781444.0360432566 874669.3525896872 883583.0959587496
186 784759.4431265565 875894.3675507683 887615.2301339161
187 788516.5373568435 860550.8156593731 902155.3666311147
188 780729.2265373755 863905.565809567 891077.6685626777
189 788092.9235385999 871028.2637978098 922109.8160017782
190 778396.3375734913 868028.060691674 897439.773880511
191 763061.3090335141 877756.8385338872 902152.7456457829
192 767909.2296612792 878887.5230408342 883206.7221764845
193 777508.0689896614 863579.0981783877 897619.071902975
194 776760.2573015044 879579.9852978074 886990.874503956
195 773266.1937441045 866005.4272135095 900486.8576284166
196 788471.730283191 879844.9121649574 899434.2736603591
197 759605.5380463134 866102.9770505565 936915.5922615407
198 746132.4037538102 871411.3203937166 929142.1077815191
199 735460.826005666 886681.3243638813 938103.4153701074
200 755467.0814468012 876820.7437457766 921726.4057004916
201 746276.4698138116 891667.0325122592 911565.6373540652
202 738698.6879947033 893242.3862345967 913307.0191588021
203 753985.2383501685 856721.1624634482 942595.6893297447
204 737539.8474826826 888696.4705243338 942020.8139185421
205 761539.7019759673 886632.6051450141 934749.8282178554
206 752178.0301884948 890193.8445594645 900993.8787314974
207 727117.8463870371 907590.2374857849 935663.376739782
208 731690.4311413547 907075.3857391609 926774.8310521898
209 715604.2497379076 925688.3780402965 954438.6497813183
210 698264.6771242293 932664.5351238677 961470.2007844618
211 706814.2318268296 937240.8980526217 977122.3703072075
212 694586.381233618 916062.9641120344 962551.1634488666
213 711204.9253950916 890302.1608755592 940052.3729788833
214 705112.5118742137 898407.6421243951 971716.9520185494
215 739588.5071287988 881723.415725961 938121.3826191998
216 732593.6375297478 894475.4113504959 916975.6892711037
217 750789.5624557926 860321.3631004476 911147.689049923
218 747806.2761611931 853936.3038567833 926486.3242365818
219 750472.2785453413 854812.1192157709 935276.0664367661
220 761338.9839039724 833720.6026222138 931653.555375382
221 760195.5190009957 826702.8636112732 928769.3855227407
222 764363.3039698191 828579.2346882687 923590.6268049503
223 767936.6424659789 849929.0171290684 915760.4692996043
224 779553.9202927642 835506.6592333092 926100.9267637657
225 784654.2897870239 840959.3081105317 918626.4714083724
226 781181.0670928161 820406.7790393597 915219.2105419062
227 793215.9796050353 811218.0546659789 911123.4500474803
228 785609.9904411533 821371.8858801136 898359.1963647096
229 771472.3603215036 838090.9257055755 933847.637628671
230 748710.9704564482 871782.9625762758 947289.4249766909
231 746549.3144713527 866421.7799861156 961216.1541120717
232 737564.4421124003 849975.2650956786 972572.0335498299
233 753994.5985332058 835698.643502787 959867.1653353856
234 743894.6035548475 850499.230386313 967006.4940502001
235 756734.4722909362 828009.4423484158 942186.7473016024
236 746889.0653440431 848148.00374652 953669.7399618615
237 758563.5991087547 846712.0317125906 945872.2007067906
238 771433.5363164988 818900.8595380492 915389.7649570344
239 762511.2304856871 824709.3867002367 936956.2697538447
240 770454.5186168184 840327.1635451621 919795.4470182775
241 743892.0552693979 848826.6907286742 926835.1826374157
242 762852.8372601457 835841.5180570253 925006.5308274266
243 758767.7510945386 854709.0371301124 913078.9207110202
244 752798.9771916392 851687.1938870433 915162.7016844823
245 755479.5032738951 842288.340075675 900792.73185254
246 755712.9311154884 834772.6705020438 896822.9200064723
247 768007.5871717713 831976.1436503518 906726.6067801997
248 752275.5554094544 843774.1280826613 926354.2722304041
249 768155.0372538044 831651.7470618602 917565.4566009133
250 744558.5619579575 848099.3022636806 938564.5787540677
251 746015.792618319 845239.7039695313 924408.1577374791
252 765182.7172835027 837476.2513614978 951660.4253544471
253 757051.9031014157 844597.9872798029 929207.8763468568
254 782530.767732834 834708.9101845067 931917.0630373644
255 775791.5390473229 829336.948397771 932705.1019092671
256 780640.4633851099 829878.3792087693 930507.030522585
257 759229.6763426445 825953.403269426 952575.7495738486
258 772091.1509195511 845813.0667332078 929898.2212032366
259 756585.4833278771 851676.0469126035 951598.1072494413
260 757080.1674514158 839721.5870076615 967746.4967663616
261 772673.5745810778 809961.5709991216 954688.7127988113
262 762613.693045219 829860.9260357822 975069.2531017357
263 746362.8823442692 852613.6602143494 977677.6047537602
264 746105.344414912 841271.832881436 960684.6240385054
265 760066.924241266 844200.0994311889 963685.2780092709
266 779643.4928494145 825413.5624884651 969350.6976405187
267 790482.6337722918 813864.4162522324 993146.4637643363
268 781522.1648582987 831673.0408315515 966654.2749010161
269 768327.3267850558 857816.4088495093 960972.2851903718
270 798730.9421773157 835040.6980100122 968246.096040033
271 786034.4048399378 850831.054001829 951839.6911050245
272 813615.5482519311 817537.11600054 922298.5752020823
273 792506.2367086116 833289.3620595561 936444.7064735331
274 768426.216377506 859428.9073269195 916544.4493717975
275 769094.9528817174 858464.581242903 915795.8418020866
276 753798.602938667 894804.7600713095 914110.6520828843
277 741379.6749861061 902287.7606322758 948947.1750933168
278 727082.7418317291 890646.4375112228 976762.2373140544
279 727603.5813343461 898301.7289531593 964436.1321084753
280 717025.4361143738 911789.4113146913 961055.2971676285
281 733699.343303619 893778.3397498692 927714.5580606083
282 726353.7486300905 915945.8429153374 935201.9065420199
283 725973.2179029626 894987.2550882443 943711.324339562
284 727589.0810153258 874810.4873989286 946327.5564520026
285 740935.7220962772 883786.8684840993 938900.3243857482
286 735858.4082123504 890719.7960421457 941470.6397108708
287 734827.7008470072 905141.2400461517 923008.0021151801
288 739249.742970055 876638.7140424107 947820.0183623007
289 749809.5462930627 877963.0113215771 919677.77633762
290 755102.1704215433 877642.8745969284 920464.5448247327
291 760066.3974018272 882883.8885684778 913727.4689168341
292 754779.9710608539 870039.2751225624 932094.9256988047
293 761152.3203757022 880195.7902873612 911731.2499924385
294 760639.1887321534 846529.9952185805 915124.4973028457
295 765784.9441022559 854408.3561235036 918245.0342934763
296 750284.88641077 856231.8163763359 927406.3729127769
297 742594.6654741056 877449.8525177717 912124.4087144801
298 769156.3328917883 868815.4749965314 906990.4256467454
299 770316.4822315349 848170.4603931606 910291.8656519087
300 779172.8684397062 876215.0860128191 940977.3706430712
301 764218.9753130632 875569.3480118643 920509.7020781996
302 773205.0004861755 831387.3586556601 902341.16216028
303 758078.283555144 871841.3790239276 898174.05844178
304 759371.2635541215 893702.6582481527 910182.8410559604
305 761869.5555623812 871673.7972465773 909292.3288484358
306 747412.454749446 885576.7103459446 898627.0964214877
307 777972.5978622384 861492.1313115136 879984.5885578351
308 776997.2784478216 816143.4615377513 914889.0933643685
309 782147.4603749458 821210.3362508505 942645.0057774822
310 793105.1058505367 826601.3305310676 923012.7781514844
311 780110.6305957456 831321.6307883883 943595.5089181082
312 800055.1149617655 807970.9720679648 923335.8076075426
313 778568.8594461642 827897.6726347719 924380.1356733083
314 776378.6363811978 827359.5410834608 940143.8323953509
315 790750.2490375668 850146.6226634282 905213.553090847
316 787692.3972889206 870343.9494533405 882535.4592438446
317 775280.3197462718 855957.7169525679 884769.0374030528
318 782783.7863846848 863441.5591285182 880228.452514813
319 791643.683054527 837251.0601174342 920192.4296783669
320 793034.4601616613 842537.9961304405 929502.0155489033
321 790337.0116658696 833272.4737693631 920232.6001946955
322 773581.7211444271 815344.480147396 922127.9714177682
323 769352.3596028548 852956.4678692201 931551.2644488907
324 788560.5138867617 831022.1466853287 949253.7462518587
325 798271.5141995838 810571.3214495601 941700.8354259398
326 775300.6782446529 838137.0065362311 928069.406920399
327 788595.9653509667 840990.7744513344 943447.2211434302
328 782625.0427339978 830975.1967103482 927860.3869868779
329 802444.9211339457 836242.2765846618 928218.6628676967
330 777349.9325119935 853342.7474096372 961186.4254642444
331 797895.4586798954 834456.0068551635 926134.9652506306
332 787169.8576017309 830880.5282838823 939269.3596124307
333 795344.6306595221 852835.6029944386 933386.1340624751
334 782455.7965321147 848686.1286328168 930531.7279153827
335 775619.6967947786 851044.670658641 951414.844766581
336 759399.7391444907 842227.9267171156 951396.6815260547
337 790260.2763726852 842890.7022780183 945126.3086772523
338 767518.891887322 846490.6910274663 965971.5964975571
339 736376.9004590011 851611.2154348021 962705.8621104972
340 739266.3530730895 866440.9898118795 1008834.5245888818
341 735417.4243545489 863448.4100137827 1027848.8694004415
342 749880.5829737498 854736.2881590608 1023822.9958074752
343 764305.8098481543 821944.5073055885 1015949.5897511392
344 751255.7270439909 842325.5465916949 1013271.6590113293
345 750485.6634089937 844548.8279730472 975215.7520152334
346 752635.4658701124 858475.942873693 960441.1043103528
347 779387.5392063934 851105.0321300132 965916.9612573119
348 761120.8291750889 858897.818750406 978228.7668288482
349 764108.8780083999 866124.1201019207 957722.1708525782
350 749115.1533721804 845330.7264390202 977400.9543233693
351 747292.2895318923 852805.2029278997 941870.1793215384
352 760876.2368568003 855307.0015764829 958806.9077661164
353 748164.7337222218 876669.8289539962 953042.9771569322
354 760776.2613530006 840940.9394788631 946356.1275487251
355 748742.967896912 841556.6364836151 949618.2204172697
356 730983.5117898766 868196.9944633159 973942.420337112
357 766945.8431497146 844797.2351969191 971735.6896042104
358 766679.7285133436 847855.0428294681 964279.9741490736
359 780473.9845365749 819508.6726788477 971959.1964508251
360 795747.0162824428 816271.9644096126 976266.5968952611
361 782774.2406092704 825814.6234287443 989915.8852644501
362 758957.8646401282 838575.5968326953 969904.9983681472
363 764238.082787922 841110.8530380093 976534.6859382789
364 771285.042962837 838848.4537289147 974672.9551629836
365 786251.6833445507 838581.3768417725 962545.6859788093
366 774470.1229152654 820297.5389277764 981397.4312752256
367 768318.6344361313 829464.8559630071 988852.5427792808
368 787791.3752728456 821048.3116698546 994123.3206353394
369 740319.3816519318 847768.881308046 950970.4071786219
370 769713.3756959795 824853.4875842298 972740.8580721375
371 773238.4258781357 836491.7999851042 959450.9129451158
372 762785.9409069828 868282.3635885719 937299.476985019
373 744137.3720164493 860157.8785853582 939707.0908003511
374 750098.1342507667 868726.1740929856 924000.5577950852
375 742424.4626975013 864484.3897251562 953905.5731741893
376 756181.8485973794 865683.2140086759 925113.6564062624
377 763086.2810491221 844029.1243922317 927957.5755402243
378 772919.9564896461 843253.3882905305 938096.9282814595
379 804271.1808157745 827258.7273101083 922748.3149566884
380 785431.4494250995 846493.2601917224 919880.6981376166
381 791922.4460705016 839926.814589489 926757.2271472141
382 770750.488999673 861534.0523647497 954287.5406354461
383 752745.6938342052 879785.2460404322 909933.0362616881
384 772828.7752078625 861326.7308919883 937622.576026487
385 736956.2613001697 883010.1475796594 925768.4263961569
386 740384.287989957 888264.845022077 934781.9995130067
387 757925.592308553 889362.9399252152 935778.1681118724
388 762645.7811975532 876958.0737607293 906456.4721667301
389 764916.7109051503 875512.865595433 884363.4971220834
390 764184.0849690067 885192.6694786199 904770.5691567297
391 757759.3583673255 878772.2850425348 912889.0484596656
392 755569.50142607 877322.7951901024 895901.2303459005
393 760781.5455061004 878545.4274309698 904572.3519917267
394 747977.4698465796 889040.3106826461 901852.1087172757
395 779850.5032054896 856454.2929300253 883782.0777162411
396 777885.9754183086 851898.6903367402 903559.8560860846
397 776770.1922672576 864954.4511401291 876003.0621820202
398 767391.6581045832 859333.1520584057 898657.3051199734
399 761549.389351266 887598.6998611211 906430.4232703559
400 781867.6269445507 871300.2265166374 895708.8493736828
401 759798.1201458673 879382.8681585746 932142.5544313047
402 791278.6436708926 835584.8404289053 907242.7340426706
403 774921.889871051 850589.2674366402 915760.4499601792
404 782165.9717121009 838646.9137079553 906505.9148731264
405 805584.8379694568 819940.3406906584 935631.8537801157
406 789058.0595942512 827620.4764970259 912873.6576210405
407 784530.6151094076 850053.2577819019 908641.7332450063
408 773817.9096110852 827293.8224149273 927552.6846848773
409 783417.0426089006 833958.5630739764 933046.7206923419
410 784957.4711805711 831339.4122524911 902605.9711426587
411 773530.5365592598 870376.1972169057 907441.2326529963
412 756096.7114840773 872014.0163037463 902075.8800092451
413 773540.5132161556 849214.0967724522 874034.7534256832
414 776910.5800222806 853836.5721815657 885062.4591723543
415 787067.0396635348 849984.5631775331 873486.0461426425
416 774530.8809823607 843911.8378161965 893962.6846491707
417 780713.1934590184 853356.7716021754 871393.9303153758
418 767008.7516917515 858239.1140921315 905767.2630752947
419 750898.441813519 858603.0241590402 912918.552456623
420 747541.1749514679 853642.5170126865 924822.1112781541
421 744480.0571977503 874368.3626767076 925813.0660579664
422 750866.3782343828 844868.1202132775 916781.5318065527
423 751993.9114897607 850947.1823828545 918479.92794905
424 773129.0739615719 845964.2334159245 914567.049656031
425 778767.0003898903 837667.2644096527 914321.0665158258
426 787496.284819176 841828.838730602 908106.5448753344
427 794744.956517312 827315.8952654402 893192.0305546955
428 778960.7352941677 859675.8139376662 879953.6697388679
429 788536.4503447841 848902.1904662711 892954.9548710624
430 790800.8542187088 855886.199552187 880741.68591686
431 766248.9625627224 868962.7161877459 875819.3348371438
432 778629.6861120206 866518.240837743 893054.962823634
433 798065.0773258908 836938.1947787168 882411.8345664679
434 792924.1003019769 826949.6985559148 910603.9294867332
435 800749.5518429988 814998.0310797208 911721.1954472588
436 772829.173682511 832020.1547268954 933172.1132918083
437 764625.2839347668 849863.7353991605 936681.6858217512
438 764715.3262671902 861076.5401144773 922161.7257940919
439 777417.7564529198 857532.4968921938 867607.7320052292
440 785972.2536165757 835794.0583776486 892065.651663239
441 766815.1410914292 847709.4379157827 902569.1669053781
442 750244.8313079966 841240.1692765461 914318.6353067113
443 773589.2889301298 839263.9195828349 906560.9692221379
444 768811.3487492119 842316.7344909935 915012.3260423751
445 734601.5102308262 862537.8729135832 913755.0400481567
446 757478.1853134693 863357.462071481 917063.1504067283
447 746438.2217399284 868922.3665801876 920607.2959071876
448 752707.4087337286 876901.7217533897 928406.5691151395
449 761546.1654622298 862677.2527524127 923379.5253917754
450 769877.9873148011 855837.7506203224 914119.1869619513
451 765618.543396288 875893.701506677 919542.0689158485
452 752530.278390369 891154.4725186265 910792.8869987959
453 755083.3113405951 890827.6866971465 936036.338547826
454 759782.0191245842 898047.2771707763 963221.8471102127
455 753566.8385500934 877391.5148839762 925176.4405065825
456 737091.599715917 922731.2215195299 954999.8117004726
457 738736.675613642 907687.5473455819 930618.6521759831
458 766674.2503220806 891082.0832125721 963611.2025443264
459 755142.9808124951 855318.50419039 958407.7037947453
460 759080.5086145806 874018.2872815744 950728.3241888862
461 766343.0544422275 848702.761001836 921209.6186993931
462 760749.6280549053 869622.6217329449 952221.758742576
463 738450.8954375838 876716.1169169771 983645.0298801877
464 750725.3073425957 849596.8006811381 995474.656931746
465 746453.4726026824 850210.1587812185 1011837.0348248021
466 725224.6461274689 875583.8475065167 1027761.3832912663
467 737101.5228011614 870838.1073736914 964080.753783057
468 722964.5027679855 884656.081995382 977957.1392334381
469 725954.6041856721 896370.08872929 1000278.5408342159
470 703172.7663990008 884404.583931088 978060.9609630024
471 708048.296412423 891215.298700632 979167.2107681825
472 727508.8009221249 864394.453073788 968095.2445643418
473 719243.2080755217 885276.649524728 952837.1849383425
474 755285.5559739586 848727.2049898076 965806.4450697
475 777494.2393860809 817056.140354848 964883.987743172
476 773514.8076514286 822857.4892127551 944051.9713159348
477 766798.4887391559 847180.3272769215 922247.2615703334
478 786696.9282730148 838880.8592195305 896979.8858355691
479 784633.9835797234 837440.1484262632 900980.6254956975
480 785697.1488702019 848995.7750007875 897684.7162798091
481 772951.8297259833 852269.2008612872 887455.4142704932
482 785254.1738675516 853557.0586219335 886312.1345451163
483 795658.4005442822 842174.8429534208 870137.0250187824
484 802645.6178199371 832528.7806519171 883082.3237110509
485 791487.5777915865 806586.3505648988 895254.5118264791
486 775715.4303087642 814626.4655797919 927326.9384070222
487 779054.3006507484 844286.2747540091 890497.8835624304
488 787001.7300246926 817193.3730789355 901271.1997397372
489 785505.2681532175 828080.3132416244 893229.9523512446
490 780845.4728556332 813424.2813865187 886516.900777951
491 782739.9287803541 809456.8169204352 909368.3866597752
492 791751.4075783821 817376.220233148 910706.5149815355
493 784375.2505141746 807046.6886325902 923593.8705852774
494 790648.5044553863 826116.6635176714 892318.2751038946
495 768265.8793453766 836315.6537220858 919875.8775063794
496 783696.189241319 821035.0949873126 894385.7849087897
497 776859.4511904456 825297.8705080904 927043.5267767031
498 759936.3435964728 820214.8614193503 949616.2633027199
499 756379.8088149995 842435.884061744 968053.6558122509
500 762803.9684022791 828469.7609054281 918492.0039365129
501 761834.9482879624 836769.7849378138 937473.84439215
502 752077.436508031 835224.1377465632 945109.554683521
503 754537.883722622 849116.2555760017 953668.8692656454
504 736195.6423873111 838973.3226611391 971164.3791554092
505 724685.3470718444 871171.6203041993 1007597.7011675074
506 730743.1508334758 868842.1816145598 979924.9342667516
507 739958.5362332371 850088.3928259978 974697.0157665933
508 725279.5603274594 849456.6923923589 998898.0211403858
509 733048.2083984335 849907.4035162679 979442.9896316704
510 771743.9864163516 828397.2054639094 954208.4280476706
511 746692.0157825543 832181.3573232052 956783.7935980627
512 737221.1482528572 854513.5818283472 979025.4123931499
513 730091.5876120178 873516.7556765617 969657.4618116075
514 742211.6597619809 835084.2216660795 937712.7598068181
515 760263.80794359 837993.7768173682 936371.497582051
516 752050.5267626963 847604.7787820969 922928.7445132472
517 756760.7386629174 854591.0744452146 942482.7334071246
518 753491.4909778582 855406.7799865686 923335.9982636528
519 744151.2314483473 866481.5960476745 944194.754275831
520 750661.4900902612 867143.5751171786 903045.1759867182
521 725754.5334135412 905316.8061954733 950989.6517848538
522 728822.3510093711 875559.1384615741 972716.5236055661
523 711328.0609345606 886586.8825687798 961864.3009833549
524 690873.5473721168 928507.2953386748 989752.7766537267
525 698473.545989961 892460.5111491225 970330.4308765333
526 703262.0338074884 900588.1216343178 986057.831126875
527 687244.9911885376 918939.8365142656 988927.236986846
528 705961.0128046352 892128.3397529935 999913.930417385
529 719449.7715150475 897094.0138175378 952921.285816284
530 686780.9835052727 958497.213886177 967636.7216231881
531 683519.31130694 963843.4478131747 990734.7589066997
532 683676.7707891754 932815.9207077425 989023.779584143
533 694152.2285044126 939164.0421433639 997195.4647536838
534 702141.7230992974 921771.8158155133 957783.5488534461
535 687049.379322827 942368.1260129496 986381.4079313929
536 690461.9985951129 961181.5671983036 987646.7881735157
537 689906.1869332205 962792.9557550176 983819.2867930464
538 686215.3532104678 956847.8493663158 966318.1154919447
539 698494.8753046005 945353.8526264887 970955.7722878058
540 695993.3044153063 925029.0946024186 979846.4578461598
541 712146.1330884863 916859.7980071532 966805.58573202
542 718886.7723187692 906979.4640247239 946862.3142385628
543 708576.085264984 892764.9764939662 946099.8149552238
544 701714.1632191816 916383.8168254968 959215.2791818773
545 699931.1114034062 916300.038806247 944770.9258600236
546 705226.7882840809 913272.3313558698 950248.3540699269
547 717319.3106096673 911858.6964206835 962345.9828225853
548 715797.713946043 890609.2630879907 941295.9874263607
549 730881.0651863768 881343.935990539 940017.238440036
550 713888.7972828061 899489.5829117991 962049.3078445673
551 722310.9192006076 896209.7312137304 939202.586378384
552 699887.1634551793 892013.731858587 961476.9592926251
553 695974.107463436 909610.2326555566 990046.8819250965
554 712303.2900365181 914628.2930821087 977687.5790087391
555 702358.2463579114 907046.2864419667 987022.2442410889
556 719217.0364667397 886430.9928083546 966851.4431561978
557 693052.855093118 917546.6060374805 977243.6005466699
558 722162.7388184608 890282.9491502382 963969.872517745
559 721725.2952296732 880675.4229513487 976583.463847908
560 700380.7136127036 917621.4928354477 975594.7439619013
561 674621.9866571226 938730.4279639106 995027.38935904
562 685356.4640434894 915678.30063427 995118.6313384551
563 691130.8408817505 918402.6416808299 990630.1599711434
564 706020.6585394454 911257.9180444358 958383.3931240381
565 708931.9401335288 923518.6366636346 937812.1276896348
566 706852.4001597286 913286.2073925035 962652.8233663378
567 721903.0029485589 901771.5235693486 938249.0073797827
568 710053.1037992428 920799.8020156068 943860.0982064157
569 701471.8899392622 925344.4852633666 960638.7966192128
570 688827.6516409739 950270.4083170276 965620.3659944865
571 688609.773300351 958718.3559271733 1007267.0084783297
572 671907.1428754741 959788.8556934698 989357.2384070961
573 681857.0100171182 957761.4093030982 990672.8343093146
574 673041.0671372053 965455.713160266 1003355.7259618228
575 696288.6310925056 953184.0585822986 973071.6219689611
576 680778.7341414351 951011.1334733486 963971.6213561385
577 676571.7225605227 968766.3542119979 1012745.2353396922
578 664168.1606759573 961363.2674990443 979172.3406849249
579 678648.2881304314 946710.7924409969 971465.1114589045
580 654161.0402927941 965937.4119278257 989314.7735064263
581 659695.2622877496 981027.3655201183 991124.9447074777
582 675299.1249040925 952502.2486422247 990495.1358901124
583 656017.9349686265 983520.699858824 1018694.3417178141
584 689542.3396694597 961599.8006814627 974667.3860729994
585 667970.8825732839 962753.7210581609 989567.2082378297
586 693804.0521139441 950806.3506477096 978004.8848374762
587 706397.8531135361 917224.9506866523 949760.2748621969
588 714335.8739201176 940909.4268012868 963504.6460734033
589 737503.1945560169 886804.435822321 944274.8215492243
590 768562.8618947347 858491.670133385 919888.0628475084
591 775745.7956411432 841186.0640209604 932420.4525682551
592 765751.2951506389 868518.6973774952 953275.2729812341
593 767313.3115086315 849307.9772970786 937405.8962981532
594 770920.2902152889 851458.2045984486 911112.0592688082
595 790265.4459268169 828395.2618276008 925403.394756309
596 792579.2298477452 824635.7749335751 905015.1979788301
597 776802.9877656619 851100.3676886505 915760.8626938509
598 748479.0933139045 858147.7647301535 933450.5351860741
599 750517.6079588499 850522.0721614347 931841.8280350207
600 749870.5177907619 840991.7395567305 944529.6285312056
601 769657.3745796755 835745.9872058183 941475.9229979317
602 773765.5018807459 819342.6470489632 909400.2471749254
603 790147.0771764283 830926.4835453507 900948.3134721122
604 784746.6968742663 840843.075305074 881699.5324630593
605 793348.7725666856 861294.028853067 883168.1084555208
606 777441.7569053228 858428.6426728287 889015.4609517612
607 795135.5792384504 861756.5978255228 868435.8751370662
608 788934.6005596345 857333.3838744339 888543.1069680502
609 786302.7733665752 865347.6568601638 872038.4532888916
610 765584.0816289415 885858.3064791034 897424.1040743224
611 751318.5989616631 862590.2935696116 909816.0783484543
612 763949.7062428833 881722.2365669595 895812.9096374426
613 791991.582743059 856484.746311614 871766.7293324412
614 801064.636971238 855801.3071501566 863654.4571225914
615 771381.359084752 844842.1279702673 894063.7332736652
616 766981.2310136511 869899.3464769324 909260.61593371
617 759448.1747364862 878524.084849417 905164.8184493816
618 783551.7596395472 839450.1158252733 911858.5342491557
619 791471.5584849768 837477.0466853154 896349.1113185423
620 786036.9890365197 847168.0038738967 878687.6310265515
621 778486.1102335809 861022.7835408609 906493.0293765188
622 790776.4236418927 837689.3025067766 917494.4563762915
623 792618.6658659123 831065.6440693865 928098.4989591811
624 786374.6824390612 833621.0478673476 905019.2834965021
625 782032.1025779992 840805.4515905926 903021.4560109472
626 808228.2638852242 825516.774798167 917371.7577394304
627 804138.3744924839 825608.1696279981 897207.0084468533
628 775188.0223460093 852465.3588038904 914193.6644212952
629 795372.3646712517 808133.91590301 919455.8353732855
630 793755.160427603 824271.2932995873 910085.9958383893
631 777297.3982002143 832059.378626001 933063.6786021963
632 773788.9324208235 856326.5079948481 920542.5630770526
633 766480.4487497857 860805.4356316146 942784.4106875586
634 755672.9211447485 857093.0378532746 951492.7847780872
635 790385.3801138293 842750.9209456615 934468.8413857241
636 778567.6723577036 838256.2387590999 948077.8333938924
637 779594.6795439993 826174.6369576528 947871.2536436301
638 779598.7702576627 821859.2384865299 961005.4193109819
639 777380.8666589361 805092.2950327877 950611.0089277236
640 788164.746102181 821571.6470815665 962142.7971301785
641 763562.212704008 823829.1042951655 957390.6300269695
642 768117.9160575634 825033.12199899 962685.7311134589
643 757248.8862591359 838087.7633812953 960267.0863683433
644 774533.7711852796 835492.0226388591 946562.8290772134
645 776397.816213382 852772.3932369276 946444.9701931464
646 765029.2196112967 857897.808682115 928900.2309094376
647 767375.9176166415 845734.6488524086 938135.6549587165
648 791746.8076274263 839010.1904777313 903918.2441828914
649 789821.6006390246 822784.8765812725 913640.4752972473
650 773501.8990783775 845100.1373480394 938552.5664774171
651 783760.101797332 834321.6028128604 910186.4807448245
652 771265.4799460061 858569.6533507055 935558.402105404
653 774397.1268685502 845058.1913480266 910574.0987467445
654 812963.4417151329 830939.0712107484 880217.0740743158
655 796810.0413166843 839017.961764211 887723.0916019276
656 812909.6975079129 846188.4212981752 908271.8748516759
657 803297.5972636692 828574.2297606767 906333.5880323078
658 789779.2412417762 827053.7914309871 934231.9697863016
659 753112.7320871099 850727.8425466099 944493.0233974903
660 752916.6203705857 856675.7622155893 952990.1385895556
661 764099.0310693413 838851.4241173333 933668.4321827297
662 742112.8369878579 865445.246713441 969996.406831443
663 758052.8733403389 852536.5531946076 930888.3050717236
664 744233.3299670758 866074.5550678228 947559.7435564894
665 749158.273386464 873906.49230247 942897.7648642593
666 748379.4385925304 883100.7125965203 946429.5995172379
667 733808.5295694281 912412.8611423513 958250.6918923107
668 743221.1500935333 878222.2966267887 948010.5964375095
669 746900.7579092066 889294.9948963206 946839.3047120076
670 741373.0931914476 880519.0060065244 981045.0703652945
671 727277.1334213982 899964.6788663446 975552.8594029133
672 743480.4479171977 875459.1831054966 920587.5724524118
673 725217.496359198 868493.7116237242 943497.6261601999
674 731718.6969720583 867803.607960758 930179.1952181789
675 741465.7183295167 861931.7605681124 954527.1354469255
676 711913.2522986348 893026.2244984708 950897.2917446194
677 720465.3994994175 887561.2038175314 940958.2155950402
678 739396.1695148807 871701.4226521134 913591.0772361503
679 750367.099510077 854846.0192196723 919271.6491695549
680 769196.8052385229 842214.4259034067 900980.1374574463
681 741798.1955829225 874267.763923199 931664.098942148
682 744385.043985595 882783.2704530746 911930.8088448225
683 765069.2749297039 840362.6126225865 907281.6010723374
684 789658.044890404 830737.7538773793 904084.9964979711
685 781325.5044547475 832349.8970078897 895975.6955827557
686 776643.3325150941 835946.5826281209 894221.0067955704
687 757761.0865177887 846888.2584499806 914490.4965777368
688 791749.2679889017 823502.6969084305 925723.3330975086
689 788339.5826532973 819402.4770697649 917767.037332744
690 805904.518806615 822560.753665614 916641.7434322843
691 793084.0781097604 809224.8816774008 922222.4447096889
692 777897.878122511 844693.0173783319 905890.5717111544
693 764667.2930524033 841399.9630835106 933577.4883340305
694 793462.6316827209 825480.5165715613 917091.192248102
695 774150.016581363 838760.122505792 903824.4585730977
696 766283.2506178846 837210.3305326587 947507.5516987251
697 768005.9204206124 844392.3059120479 923928.1577414006
698 778725.3261174619 841454.5666529839 932772.210099208
699 771458.0477713696 828057.9553531029 939531.8295896521
700 773344.1022247161 847207.8072994086 943040.4082558169
701 763240.8462543319 851264.0065127603 972845.4682396357
702 762918.5988319569 843945.4423260415 976985.6414438861
703 753100.87666158 844115.3306439994 963163.5051355339
704 743742.9177376564 847181.3388163287 966239.6646265705
705 740888.9109604284 878072.703831957 948970.7073144374
706 733279.091282659 872850.1224553183 946438.8533926933
707 756591.7423677014 877634.8237847559 939324.1680381538
708 772352.5268873388 836137.0414415917 933046.0687504668
709 756764.3577919448 868811.1623356726 934435.5514041588
710 741141.3703100181 866789.5189214842 920829.9622855037
711 757844.0451816429 831371.7882394289 931373.9654139206
712 760620.109983523 838337.8815266486 926114.8772813587
713 758391.5037812102 853131.0558814013 940290.5045660159
714 755979.516672337 850161.5120390161 936779.4039220692
715 783791.6826065163 830487.9358881421 921747.0337667314
716 792152.3480665183 831437.2727643437 924054.2824905209
717 765070.2635934114 856398.127637138 911009.631351838
718 760101.516867668 885272.7995175242 911236.6679540009
719 773607.0898784013 856528.3562904903 970493.455734713
720 775512.931340496 858413.4528168475 937404.8264837151
721 742972.9393285617 865922.3373037797 968869.1866763545
722 733152.1904554166 879702.0381735923 978863.1412737479
723 736208.3372805481 864622.030205089 977273.4088080258
724 741120.6532827815 856324.6878792385 969530.1693667172
725 722064.471698553 866453.6837673907 981665.6459625198
726 706351.7580616398 898351.9347359776 1025347.576261526
727 712662.4100338265 885954.8555172549 1009277.1943194332
728 730859.8315296179 875653.1783810438 1037496.1455015002
729 725594.0999312339 849908.8406087613 1012461.0052825683
730 733656.6482050993 852189.1206861613 1045461.9639788732
731 732434.478646496 862623.2800165298 1068288.793020255
732 717542.2038708985 858792.4622973043 1032125.0775411405
733 732149.2373132255 848772.9250820177 1043375.3754897567
734 730105.8222937457 855270.9835579526 1054179.9570783474
735 739998.0109612733 855961.8984380648 1004140.7619693499
736 751129.3510979689 828923.2387253564 1021304.9794779812
737 732755.3061031398 866317.9426729216 1039069.2402770886
738 713023.9032267292 874622.3257130994 1009066.3785985189
739 735264.7555053624 856381.4969733796 1028004.8814076998
740 734304.7571003183 850097.3893049686 1055712.3775907492
741 717965.058179647 866256.1866927374 1022862.6534035512
742 732014.0758812896 871173.8632081895 1013399.6080827779
743 734249.758681452 865620.8888844314 982122.1752346171
744 740909.0495524879 847070.5472656288 989797.2957311101
745 749836.6610464412 833514.7295470075 969594.2116097545
746 748819.6729748634 838698.8215087148 943049.6923990819
747 772631.7372007371 828483.7082471999 927406.105644989
748 758074.2286070776 853705.6939006401 945399.2019244321
749 736885.782519664 859917.6258460563 938282.2465397996
750 718753.3941397336 873025.4439887045 963075.8597718828
751 730217.9170607715 864252.3344656167 951441.665274064
752 745660.8727266322 838084.8664663241 931576.1699510331
753 759116.8941615962 839196.4517555761 932107.5503239717
754 759968.2845085992 846683.5031035366 928473.7093345082
755 773427.769124943 821935.0985215136 940767.5673271072
756 752286.2959030942 832188.1180971065 942913.8762783753
757 751660.5610291765 823775.661722175 948980.5775504786
758 772949.8631597722 825399.8650236047 945024.589454303
759 789920.2576496048 805863.1557808813 950147.2498769849
760 771737.7951489912 812044.6904186234 925292.9774724366
761 778399.8613110329 799087.9211548851 915517.7480621405
762 777982.3089315812 799031.5592709389 933142.7442106717
763 781746.3014030608 804285.1652710829 902139.7090330977
764 769935.9953443081 809438.4239620172 933527.0149307852
765 769929.5454261514 789251.7934420882 945263.5072480603
766 784148.1343958213 796476.0442511296 936880.4193574789
767 786582.7446256966 803391.4671522607 926478.8023567038
768 778973.8063782199 813590.366204773 917113.8487966806
769 785924.1600407057 801553.3720676875 927882.6417138971
770 785106.1481758859 811121.5902975479 947008.6792624627
771 764518.0156728874 812179.8752975125 943138.6730412361
772 758467.063900274 829070.241278664 946882.2307824926
773 768401.8661012328 805959.4285728202 941061.1130661141
774 792713.2637001396 816143.7856876517 912616.8679205742
775 765220.6108264328 819760.7271659779 941661.0837489985
776 766655.919401847 834058.068569706 941177.8203695349
777 766815.9855347383 818491.3819586324 955933.9870125138
778 770437.2065750618 838763.1927262315 923366.9500038715
779 793122.9062229894 823224.3626539519 901851.0070934291
780 784388.6700908939 822191.1729381381 907947.73699805
781 799993.4361355639 808066.61901119 917903.6321012442
782 772767.9748458095 839480.7978447576 946561.1142151657
783 778393.8810673447 839487.6039245038 948049.7847869616
784 779178.4031691585 809144.7378891024 943558.2057220446
785 767239.0515143664 818440.6760807625 954695.2634981156
786 778042.6130717084 813405.3451536066 953424.7097913881
787 777743.9238945645 817906.613688968 936892.4684929075
788 773548.2146387344 839807.3504976642 915376.6986398317
789 753044.6563353351 847134.1344081154 931139.42544238
790 756310.8055362842 854040.5182887331 928989.4433271834
791 751141.0354988164 857375.8944748227 944791.0820898213
792 746363.7045403996 848285.7127270823 973255.0229525475
793 733976.9973960033 858539.2225909779 953636.5082456367
794 744230.7269823808 849201.8330849012 914863.9203475992
795 769043.3859028145 865257.7247753245 917265.2452761352
796 761349.460909379 855597.336876955 904726.6748711971
797 751975.9366473996 877061.1416044211 919670.9364410273
798 761322.4356768789 881295.6866101427 900635.1716696982
799 790758.96478589 865814.2652051897 888465.6442554484
800 789174.3196925021 856611.2796830432 877332.6237966708
801 782272.7570741317 842886.1881791925 899629.6358300725
802 802196.4189988488 815052.1178317512 908531.2495717704
803 770756.2126135437 871131.9335812754 902708.4127400771
804 776255.0603375268 845515.0103943098 919745.7995733782
805 781978.0291515843 825941.8321328555 870200.169895788
806 756441.8750205119 837629.5011885273 924727.8946619541
807 762062.3391791686 844298.9353089835 945554.776957287
808 770211.827490257 835495.6190048092 953966.2807506894
809 762851.6882010485 849640.9048636334 933696.5676744081
810 753627.7669013821 868372.8726022808 936431.5522501862
811 753733.3344666767 866484.5576309504 905179.2022768846
812 759984.6670809556 865646.642061985 916625.2342226392
813 760849.2919784524 872989.6288305952 896887.3383602924
814 760532.4640693852 873788.1286848336 910654.4116896892
815 751966.9885549548 890374.0170355384 934538.7620813057
816 772103.7934315096 854226.2127465485 939432.2717665689
817 794341.893330829 824651.3448263116 951404.026165786
818 783757.1521238828 825600.68562111 936782.7568991744
819 779343.034403962 839622.2177484111 945466.3465736958
820 796290.1190465274 821039.2352179379 940249.7596565438
821 807116.9513958972 824968.6090957982 912379.5309140265
822 784663.4606805517 847974.0335069526 910967.2576664661
823 775956.5190641657 848023.3147079158 909706.4180514145
824 770327.3163842442 851767.1365858242 958935.4436518541
825 776365.9193886532 841941.9924081168 930575.8883025883
826 801827.5717752209 828612.8778283044 897132.4325726965
827 778415.1837870326 845589.0860835523 887789.0303635342
828 806798.6134798543 825183.9646723772 913344.7352483104
829 796410.6248372834 839491.3687204936 902326.0102136589
830 758557.3587105697 856324.7869413389 930098.6913740005
831 768446.8053727675 827352.4678234112 944278.7331028832
832 771639.587481667 844134.130589837 937195.9007753074
833 778889.5618009551 830573.6802134422 940854.4704227322
834 788896.603533817 831170.1908060225 955222.2033326352
835 787193.2242151287 834976.9463097417 945796.3830070071
836 773058.1518248564 850848.233947938 949218.4022351487
837 789265.4850676683 840635.228279563 939106.5858060869
838 780043.0667274646 851817.90521186 948531.3628880267
839 772985.4951222723 865886.2418151369 951694.812725864
840 800481.0481019397 821623.922708282 933150.13201533
841 798546.5944755557 839201.6612628913 887124.9470301619
842 795612.8021083078 832502.6546321003 894902.3147732674
843 796428.7138310078 834376.1175999572 896174.2872632197
844 778207.311294963 853598.2224638218 894822.589331605
845 777673.8767311084 855844.4638830966 944104.6681980543
846 784147.84869513 837468.7050864989 954857.8902328591
847 732849.5653585632 870759.0380368544 965248.8517098263
848 741107.89977824 874531.5277957155 949546.6062918023
849 771117.6505663766 845751.8073830822 948041.1842812741
850 771779.995148791 847137.3060810845 936892.5134115249
851 770761.1222752633 835193.0250019695 953449.4289193796
852 795431.4499504155 805637.5338935212 982175.4921094168
853 798597.7688149007 804768.7795828105 944319.1148703351
854 786052.3166994252 814707.7985304669 929362.377301131
855 777887.1099804392 829653.9575837575 919709.8619676428
856 789056.8708696711 830448.6445989541 918679.3177809167
857 763838.6687818632 843223.5499404513 931580.0470134185
858 765523.8765045778 846261.3968235084 906441.801659294
859 746672.6948322194 851121.7189897904 934020.0537703808
860 763029.786412393 862042.2624170679 918054.7674806801
861 756520.8163076091 866093.5241203094 938472.5593516506
862 745256.9122134352 894312.284393468 928405.1336036705
863 774694.5500822947 885498.8364822142 913079.1340574444
864 770877.4017810427 887792.5020907932 901125.6032138307
865 764682.0326773325 866166.1476869794 909417.9204516002
866 766494.398670666 840906.2403112862 921156.7434639981
867 788170.1942543141 823105.6264643072 946125.8388370025
868 786637.9962075818 858490.0305145194 922851.2875819616
869 784233.4439244391 845815.6167318006 938256.331690749
870 776595.2515786947 823523.6442918798 951457.3047125437
871 761126.1327616133 834282.6936666429 939400.2714995616
872 779155.0095790949 834667.0238704602 918461.8321648004
873 779890.9996076713 821544.858074302 936581.6915071005
874 763877.6361752592 850619.0262055043 900393.4409905924
875 744699.1891219569 856100.4829838328 920539.9491683745
876 739320.7871819172 855078.5641923958 956385.8272012067
877 762527.4793226939 839278.9193248516 941591.9386749789
878 737813.0376526373 857797.063503047 949192.2542431789
879 732612.2038799148 871618.4137462504 955324.0055524297
880 698985.7993080624 911987.5633197826 973368.4509698534
881 728265.7135905398 874399.6570099838 985425.6330999408
882 736838.1816817437 849210.5826856709 963498.8511300182
883 733328.2249844075 876807.5226222661 965897.1479553627
884 711755.1101705875 886234.701717872 987752.1262876792
885 714944.6219756544 892949.4530496548 966773.8350109449
886 754761.3649220566 836105.915356389 1019916.3174216342
887 730617.5952888901 847803.3876331337 1019733.7109789646
888 720529.1466479711 863798.78779178 1076165.7626657288
889 731295.329441909 861670.8796594464 1060074.7128339985
890 743544.3519225229 839258.0298417588 1048982.072946205
891 749155.0358325866 834861.2897764962 1067246.926799459
892 757532.4242876705 833070.8384864704 1075716.4896740187
893 764546.1433312638 822043.8894587457 1053133.354885985
894 756033.3499426553 820826.1331034915 1042633.6408868597
895 752352.8570798868 828842.9551358031 1029913.2206614374
896 743922.3840664555 834077.9346170775 1024666.1658682853
897 735309.3425031794 846595.491978405 1021096.0305609152
898 701098.5264620765 884733.8941747376 1036121.4147024476
899 698779.7851951617 905770.5620360903 1029836.3475798946
900 691471.4279357129 899587.399181381 1026635.8623735444
901 704081.4274104981 912498.4027377847 1024521.3995190548
902 693722.933670226 917380.1576994131 1023034.6494151449
903 701183.8597337736 923098.4754686746 1007683.6947685817
904 708568.7367008573 904523.4917324154 1032901.483134998
905 741271.0641740555 865677.2881203005 1007912.1591159548
906 723671.6040981293 872073.0544318408 995395.3274204604
907 729045.7903255165 881383.1981861737 1028439.4654316194
908 730540.2242446392 865707.8517665429 1013150.3306132338
909 738892.1063396473 857943.1558420534 1014149.6595570266
910 727886.9664030861 881483.0198191076 1011298.459623814
911 737477.4443215918 858203.902629551 1015595.2751022027
912 744677.5333413121 856396.3958717928 1008220.1081117614
913 745352.0652735612 850098.2256965942 984763.8958645943
914 763815.1824856144 857831.5468579388 982122.4597140916
915 762022.6521510464 848708.2608757772 943394.1971747968
916 761196.8722808687 850350.2417028241 951798.1051675648
917 753394.785281176 843659.0326659372 936689.8888611766
918 767015.0175603572 836646.425400359 922138.0031501272
919 775492.0166043465 815204.2987438107 916320.0748502932
920 765475.9720428796 825328.5284631028 944984.498654062
921 736570.9183203259 844866.0917069913 958378.1377637155
922 764929.6735204378 829829.0854333242 963011.347775542
923 753411.5587968604 833513.8572434445 939408.3297186324
924 750288.7622834726 846266.727972477 924235.2496155375
925 751780.0273899104 844118.0214127662 947032.7114818487
926 765859.6037680287 832094.4267820821 929439.6099955605
927 774630.2859606926 845209.2186235728 905377.5267360084
928 776679.0281507582 859158.7546517749 896607.3306898026
929 787930.9793299744 816644.1083724649 956285.1094810113
930 764277.3395986021 836554.2566104926 964199.1662411129
931 752369.765387913 855260.9995742203 933255.5359664663
932 751276.5688014512 850216.1999845405 918681.796158542
933 767097.6845673665 833304.4975807196 909774.48286342
934 789649.8488973562 828827.1409043415 891120.7494307541
935 775430.7823489452 852236.760972931 903071.5495539882
936 790996.1942729689 834475.0819229848 895056.0707105538
937 792540.9650557672 832164.9607071653 908413.3145339579
938 760102.1610640265 882623.4622176145 933191.2130455683
939 754695.9332816802 897301.6482886113 924862.8850661681
940 775195.9266558132 905853.8887846183 919735.8879749223
941 751878.340143817 890823.4883154618 951431.854074706
942 727386.9790871574 914005.9969751461 974991.3590100742
943 731893.7097521864 903765.9753343826 967813.2881033169
944 736753.9362430951 873045.2246629818 949015.5355287285
945 755312.0674825208 862312.2186129689 944041.8359726343
946 745703.755737324 868621.3440428339 964745.9488316725
947 751987.3830289887 873654.0528616195 984746.8308280003
948 761614.957935783 861589.5483123829 978951.2890454581
949 747571.0046981719 864350.1313031144 973454.5520716924
950 720883.1029499858 893479.3820060701 977030.0570570258
951 748168.5170840571 870067.6743757572 981613.5989689355
952 726281.7576107421 916512.8379197584 964232.838941252
953 719110.6791374234 942934.4735894271 989997.4656981789
954 736418.246150068 922732.2816551841 969800.6535718129
955 731639.4733740891 901429.4667120702 955177.2315724662
956 733312.7974406915 900651.3282278338 947291.4730557782
957 752005.045897609 879344.2546510557 928176.2085153168
958 745204.8560377659 892903.5568203824 910856.0693773559
959 745659.2599066454 890735.8106692934 918823.5589453637
960 755846.0499738461 860032.7755928045 910480.4142924945
961 757567.7036170546 872952.1795835012 937370.9289866998
962 751348.9117501297 869195.1246809526 942967.9244688152
963 766256.5352569813 855224.60583577 925743.7946299668
964 771809.4311426178 848515.533913625 926226.5290650201
965 762850.5430523354 840913.7220078136 934967.137351284
966 760620.9412891767 855754.5813242721 933391.2224812666
967 768157.7109350918 859035.305267258 917411.4208385517
968 763722.6306815228 875385.9752491886 921477.777940706
969 767113.4921488453 883933.3957661064 919944.1277617079
970 760900.4900027161 876155.5672034401 935199.3576609301
971 771864.8129187803 842701.9650160784 936766.2733798012
972 791333.9587932355 824586.2195068809 941021.9409929648
973 786204.637240463 832064.6256361109 912395.420895229
974 790364.8141332635 831632.8953158715 904601.8188818002
975 780857.1154449544 841667.720805987 907804.981349908
976 792903.6491846512 846409.7777119306 934051.5918662912
977 772004.5596353777 850109.2231882053 899060.8136069382
978 810101.3917078193 830190.1191626427 887979.324272189
979 792601.6067448532 822720.1827195695 898227.1909921509
980 777563.8796524595 818742.7597526003 907648.9462500464
981 781129.6519821162 808247.7743783067 933034.2226941547
982 762215.623345186 826398.0280316148 936391.3703453733
983 771102.3349813856 812841.3234557888 933198.6719670835
984 761856.3437544155 812060.3449930748 969881.5064690071
985 761724.3260837119 810007.1613869288 963754.0414806769
986 751841.1738963957 827809.1013492335 948375.7767174939
987 759647.7315630601 806898.2236191334 968954.8264530005
988 786016.3287673612 808193.687178155 957701.312248484
989 769385.9963406632 806394.8942490862 990118.5949679974
990 776737.8610012187 794682.262634746 970634.2696096459
991 749038.4692261261 803543.578377065 955664.9214503163
992 777285.8709743554 804140.6223711988 959893.7308237622
993 790673.748308761 804397.0491663943 953710.709105487
994 763942.7301601622 817341.7291966681 933790.3594420776
995 773278.6944293501 825276.0191957006 919884.9620803501
996 785152.3823282222 823002.2583534971 909247.1877278695
997 784585.2458792338 817109.9055465545 915896.5288102899
998 783528.9835407399 803645.816565198 944760.6758877758
999 775823.1688852159 829164.4820819363 923140.9699044276
0 858505.0198361258 917490.7146597402 927666.2936422416
1 830981.7793196954 911078.4160338207 914928.8812192491
2 835577.6847358345 884994.4580255128 910652.3210231682
3 829984.565297447 856622.5004532771 877846.8993110594
4 831539.7963404533 842694.3089304047 869127.0047044937
5 831686.4832040499 852233.173434103 896910.4835192215
6 819112.72957823 840254.6846561123 893690.0489807948
7 820055.4756440185 863810.6142564503 887482.6191239062
8 815830.0717344846 851064.8723102878 876417.5524505387
9 833578.942133636 853228.5265270085 877181.3555651146
0 858505.0198361258 917490.7146597402 927666.2936422416
1 830981.7793196954 911078.4160338207 914928.8812192491
2 835577.6847358345 884994.4580255128 910652.3210231682
3 829984.565297447 856622.5004532771 877846.8993110594
4 831539.7963404533 842694.3089304047 869127.0047044937
5 831686.4832040499 852233.173434103 896910.4835192215
6 819112.72957823 840254.6846561123 893690.0489807948
7 820055.4756440185 863810.6142564503 887482.6191239062
8 815830.0717344846 851064.8723102878 876417.5524505387
9 833578.942133636 853228.5265270085 877181.3555651146
10 846466.5120242003 849521.9260401977 882959.5510192044
11 826002.2847757407 852879.526508088 875111.9560626303
12 800937.0243712446 855800.4545437439 873486.7290450335
13 817145.7247997993 866465.0782392173 872361.7408383228
14 815100.1035813919 844735.9621026117 881548.5751464396
15 834321.6449350566 859858.5860144941 860286.827255632
16 798813.5894999647 859053.5182098906 884529.2608949223
17 822746.1461810559 846067.0758020189 868051.13489481
0 858505.0198361258 917490.7146597402 927666.2936422416
1 830981.7793196954 911078.4160338207 914928.8812192491
2 835577.6847358345 884994.4580255128 910652.3210231682
3 829984.565297447 856622.5004532771 877846.8993110594
4 831539.7963404533 842694.3089304047 869127.0047044937
5 831686.4832040499 852233.173434103 896910.4835192215
6 819112.72957823 840254.6846561123 893690.0489807948
7 820055.4756440185 863810.6142564503 887482.6191239062
8 815830.0717344846 851064.8723102878 876417.5524505387
9 833578.942133636 853228.5265270085 877181.3555651146
10 846466.5120242003 849521.9260401977 882959.5510192044
11 826002.2847757407 852879.526508088 875111.9560626303
12 800937.0243712446 855800.4545437439 873486.7290450335
13 817145.7247997993 866465.0782392173 872361.7408383228
14 815100.1035813919 844735.9621026117 881548.5751464396
15 834321.6449350566 859858.5860144941 860286.827255632
16 798813.5894999647 859053.5182098906 884529.2608949223
17 822746.1461810559 846067.0758020189 868051.13489481
