0 3.527638190954774
0 3.527638190954774
0 3.527638190954774
0 3.527638190954774
1 3.527638190954774
2 3.467336683417085
3 3.4974874371859297
4 3.557788944723618
5 3.527638190954774
6 3.527638190954774
7 3.437185929648241
8 3.557788944723618
9 3.648241206030151
10 3.3768844221105527
11 3.527638190954774
12 3.4974874371859297
13 3.4974874371859297
14 3.467336683417085
15 3.3467336683417086
16 3.407035175879397
17 3.557788944723618
18 3.437185929648241
19 3.527638190954774
20 3.4974874371859297
21 3.467336683417085
22 3.587939698492462
23 3.618090452261306
24 3.4974874371859297
25 3.4974874371859297
26 3.557788944723618
27 3.557788944723618
28 3.527638190954774
29 3.437185929648241
30 3.3768844221105527
31 3.738693467336683
32 3.527638190954774
33 3.4974874371859297
34 3.557788944723618
35 3.618090452261306
36 3.618090452261306
37 3.437185929648241
38 3.467336683417085
39 3.0753768844221105
40 3.407035175879397
41 3.407035175879397
42 3.467336683417085
43 3.467336683417085
44 3.407035175879397
45 3.437185929648241
46 3.4974874371859297
47 3.618090452261306
48 3.4974874371859297
49 3.527638190954774
50 3.557788944723618
51 3.316582914572864
52 3.4974874371859297
53 3.437185929648241
54 3.557788944723618
55 3.4974874371859297
56 3.587939698492462
57 3.407035175879397
58 3.467336683417085
59 3.3467336683417086
60 3.527638190954774
61 3.28643216080402
62 3.407035175879397
63 3.648241206030151
64 3.4974874371859297
65 3.407035175879397
66 3.467336683417085
67 3.437185929648241
68 3.4974874371859297
69 3.4974874371859297
70 3.28643216080402
71 3.467336683417085
72 3.437185929648241
73 3.437185929648241
74 3.437185929648241
75 3.437185929648241
76 3.557788944723618
77 3.4974874371859297
78 3.467336683417085
79 3.467336683417085
80 3.557788944723618
81 3.467336683417085
82 3.467336683417085
83 3.557788944723618
84 3.437185929648241
85 3.407035175879397
86 3.618090452261306
87 3.527638190954774
88 3.4974874371859297
89 3.587939698492462
90 3.3768844221105527
91 3.4974874371859297
92 3.4974874371859297
93 3.407035175879397
94 3.437185929648241
95 3.4974874371859297
96 3.587939698492462
97 3.407035175879397
98 3.618090452261306
99 3.4974874371859297
100 3.557788944723618
101 3.648241206030151
102 3.3467336683417086
103 3.467336683417085
104 3.527638190954774
105 3.437185929648241
106 3.437185929648241
107 3.4974874371859297
108 3.467336683417085
109 3.527638190954774
110 3.407035175879397
111 3.557788944723618
112 3.527638190954774
113 3.4974874371859297
114 3.527638190954774
115 3.407035175879397
116 3.467336683417085
117 3.557788944723618
118 3.557788944723618
119 3.467336683417085
120 3.4974874371859297
121 3.527638190954774
122 3.4974874371859297
123 3.316582914572864
124 3.527638190954774
125 3.437185929648241
126 3.437185929648241
127 3.557788944723618
128 3.316582914572864
129 3.557788944723618
130 3.4974874371859297
131 3.3768844221105527
132 3.4974874371859297
133 3.557788944723618
134 3.3467336683417086
135 3.587939698492462
136 3.4974874371859297
137 3.587939698492462
138 3.3768844221105527
139 3.28643216080402
140 3.557788944723618
141 3.467336683417085
142 3.557788944723618
143 3.618090452261306
144 3.437185929648241
145 3.527638190954774
146 3.437185929648241
147 3.557788944723618
148 3.4974874371859297
149 3.557788944723618
150 3.4974874371859297
151 3.557788944723618
152 3.3768844221105527
153 3.467336683417085
154 3.467336683417085
155 3.557788944723618
156 3.467336683417085
157 3.527638190954774
158 3.467336683417085
159 3.437185929648241
160 3.467336683417085
161 3.2562814070351758
162 3.467336683417085
163 3.557788944723618
164 3.618090452261306
165 3.467336683417085
166 3.467336683417085
167 3.618090452261306
168 3.4974874371859297
169 3.467336683417085
170 3.4974874371859297
171 3.557788944723618
172 3.437185929648241
173 3.557788944723618
174 3.467336683417085
175 3.467336683417085
176 3.527638190954774
177 3.407035175879397
178 3.527638190954774
179 3.437185929648241
180 3.407035175879397
181 3.467336683417085
182 3.4974874371859297
183 3.467336683417085
184 3.4974874371859297
185 3.407035175879397
186 3.4974874371859297
187 3.648241206030151
188 3.316582914572864
189 3.587939698492462
190 3.3467336683417086
191 3.678391959798995
192 3.437185929648241
193 3.316582914572864
194 3.1959798994974875
195 3.587939698492462
196 3.3467336683417086
197 3.557788944723618
198 3.3768844221105527
199 3.316582914572864
200 3.3467336683417086
201 3.316582914572864
202 3.4974874371859297
203 3.708542713567839
204 3.165829145728643
205 3.316582914572864
206 3.2562814070351758
207 3.28643216080402
208 3.557788944723618
209 3.316582914572864
210 3.587939698492462
211 3.437185929648241
212 3.0753768844221105
213 3.135678391959799
214 3.316582914572864
215 3.28643216080402
216 3.316582914572864
217 3.437185929648241
218 3.618090452261306
219 3.437185929648241
220 3.3768844221105527
221 3.467336683417085
222 3.587939698492462
223 3.28643216080402
224 3.618090452261306
225 3.3467336683417086
226 3.407035175879397
227 3.28643216080402
228 3.678391959798995
229 3.648241206030151
230 3.2261306532663316
231 3.527638190954774
232 3.618090452261306
233 3.467336683417085
234 3.557788944723618
235 3.3768844221105527
236 3.2261306532663316
237 3.678391959798995
238 3.467336683417085
239 3.3768844221105527
240 3.3467336683417086
241 3.587939698492462
242 3.437185929648241
243 3.4974874371859297
244 3.527638190954774
245 3.798994974874372
246 3.4974874371859297
247 3.1959798994974875
248 3.2562814070351758
249 3.467336683417085
250 3.4974874371859297
251 3.407035175879397
252 3.738693467336683
253 3.467336683417085
254 3.467336683417085
255 3.618090452261306
256 3.28643216080402
257 3.2562814070351758
258 3.587939698492462
259 3.467336683417085
260 3.316582914572864
261 3.28643216080402
262 3.527638190954774
263 3.587939698492462
264 3.437185929648241
265 3.407035175879397
266 3.4974874371859297
267 3.407035175879397
268 3.437185929648241
269 3.557788944723618
270 3.527638190954774
271 3.587939698492462
272 3.1959798994974875
273 3.2562814070351758
274 3.3768844221105527
275 3.437185929648241
276 3.3768844221105527
277 3.3467336683417086
278 3.3768844221105527
279 3.407035175879397
280 3.467336683417085
281 3.467336683417085
282 3.437185929648241
283 3.4974874371859297
284 3.3768844221105527
285 3.3467336683417086
286 3.316582914572864
287 3.3768844221105527
288 3.3768844221105527
289 3.738693467336683
290 3.618090452261306
291 3.407035175879397
292 3.3467336683417086
293 3.467336683417085
294 3.587939698492462
295 3.2261306532663316
296 3.407035175879397
297 3.4974874371859297
298 3.557788944723618
299 3.3768844221105527
300 3.3467336683417086
301 3.407035175879397
302 3.648241206030151
303 3.437185929648241
304 3.135678391959799
305 3.407035175879397
306 3.527638190954774
307 3.1959798994974875
308 3.3768844221105527
309 3.1055276381909547
310 3.4974874371859297
311 3.4974874371859297
312 3.2562814070351758
313 3.3768844221105527
314 3.678391959798995
315 3.467336683417085
316 3.467336683417085
317 3.316582914572864
318 3.2562814070351758
319 3.4974874371859297
320 3.557788944723618
321 3.407035175879397
322 3.3768844221105527
323 3.28643216080402
324 3.3768844221105527
325 3.527638190954774
326 3.407035175879397
327 3.3467336683417086
328 3.437185929648241
329 3.135678391959799
330 3.648241206030151
331 3.527638190954774
332 3.3467336683417086
333 3.316582914572864
334 3.2261306532663316
335 3.437185929648241
336 3.4974874371859297
337 3.557788944723618
338 3.407035175879397
339 3.467336683417085
340 3.407035175879397
341 3.4974874371859297
342 3.618090452261306
343 3.437185929648241
344 3.407035175879397
345 3.437185929648241
346 3.467336683417085
347 3.2562814070351758
348 3.2562814070351758
349 3.467336683417085
350 3.467336683417085
351 3.28643216080402
352 3.437185929648241
353 3.467336683417085
354 3.557788944723618
355 3.467336683417085
356 3.407035175879397
357 3.407035175879397
358 3.527638190954774
359 3.135678391959799
360 3.2261306532663316
361 3.557788944723618
362 3.1055276381909547
363 3.2562814070351758
364 3.437185929648241
365 3.467336683417085
366 3.165829145728643
367 3.437185929648241
368 3.557788944723618
369 3.3467336683417086
370 3.2562814070351758
371 3.467336683417085
372 3.28643216080402
373 3.1959798994974875
374 3.3467336683417086
375 3.4974874371859297
376 3.587939698492462
377 3.467336683417085
378 3.4974874371859297
379 3.557788944723618
380 3.1959798994974875
381 3.2562814070351758
382 3.3768844221105527
383 3.2562814070351758
384 3.4974874371859297
385 3.3768844221105527
386 3.678391959798995
387 3.316582914572864
388 3.557788944723618
389 3.437185929648241
390 3.407035175879397
391 3.28643216080402
392 3.3467336683417086
393 3.4974874371859297
394 3.557788944723618
395 3.3467336683417086
396 3.3467336683417086
397 3.28643216080402
398 3.527638190954774
399 3.1959798994974875
400 3.316582914572864
401 3.2562814070351758
402 3.738693467336683
403 3.4974874371859297
404 3.2562814070351758
405 3.527638190954774
406 3.165829145728643
407 3.2261306532663316
408 3.467336683417085
409 3.467336683417085
410 3.407035175879397
411 3.527638190954774
412 3.4974874371859297
413 3.1055276381909547
414 3.467336683417085
415 3.2562814070351758
416 3.618090452261306
417 3.3467336683417086
418 3.3768844221105527
419 3.437185929648241
420 3.1959798994974875
421 3.2261306532663316
422 3.437185929648241
423 3.4974874371859297
424 3.678391959798995
425 3.527638190954774
426 3.467336683417085
427 3.467336683417085
428 3.557788944723618
429 3.467336683417085
430 3.3467336683417086
431 3.3467336683417086
432 3.467336683417085
433 3.467336683417085
434 3.3467336683417086
435 3.7688442211055273
436 3.618090452261306
437 3.1959798994974875
438 3.3467336683417086
439 3.2261306532663316
440 3.316582914572864
441 3.437185929648241
442 3.618090452261306
443 3.407035175879397
444 3.135678391959799
445 3.527638190954774
446 3.3467336683417086
447 3.2261306532663316
448 3.527638190954774
449 3.015075376884422
450 3.165829145728643
451 3.407035175879397
452 3.3467336683417086
453 3.3768844221105527
454 3.1959798994974875
455 3.3467336683417086
456 3.467336683417085
457 3.0753768844221105
458 3.28643216080402
459 3.618090452261306
460 3.28643216080402
461 3.437185929648241
462 3.738693467336683
463 3.437185929648241
464 3.2261306532663316
465 3.0753768844221105
466 3.165829145728643
467 3.2562814070351758
468 3.3467336683417086
469 3.557788944723618
470 3.4974874371859297
471 3.316582914572864
472 3.3768844221105527
473 3.467336683417085
474 3.587939698492462
475 3.708542713567839
476 3.3467336683417086
477 3.557788944723618
478 3.648241206030151
479 3.467336683417085
480 3.2261306532663316
481 3.407035175879397
482 3.587939698492462
483 3.316582914572864
484 3.28643216080402
485 3.28643216080402
486 3.3467336683417086
487 3.3768844221105527
488 3.437185929648241
489 3.467336683417085
490 3.437185929648241
491 3.2562814070351758
492 3.165829145728643
493 3.407035175879397
494 3.3467336683417086
495 3.3467336683417086
496 3.3768844221105527
497 3.4974874371859297
498 3.28643216080402
499 3.437185929648241
500 3.437185929648241
501 3.527638190954774
502 3.3768844221105527
503 3.467336683417085
504 3.4974874371859297
505 3.467336683417085
506 3.437185929648241
507 3.738693467336683
508 3.3467336683417086
509 3.3467336683417086
510 3.3768844221105527
511 3.407035175879397
512 3.3467336683417086
513 3.527638190954774
514 3.1055276381909547
515 3.407035175879397
516 3.467336683417085
517 3.28643216080402
518 3.557788944723618
519 3.2261306532663316
520 3.467336683417085
521 3.557788944723618
522 3.28643216080402
523 3.1959798994974875
524 3.708542713567839
525 3.165829145728643
526 3.407035175879397
527 3.587939698492462
528 3.648241206030151
529 3.3467336683417086
530 3.165829145728643
531 3.467336683417085
532 3.527638190954774
533 3.557788944723618
534 3.316582914572864
535 3.0753768844221105
536 3.4974874371859297
537 3.2562814070351758
538 3.3467336683417086
539 3.527638190954774
540 3.527638190954774
541 3.28643216080402
542 3.708542713567839
543 3.135678391959799
544 3.3467336683417086
545 3.3768844221105527
546 3.467336683417085
547 3.437185929648241
548 3.3467336683417086
549 3.2562814070351758
550 3.4974874371859297
551 3.4974874371859297
552 3.4974874371859297
553 3.28643216080402
554 3.3768844221105527
555 3.407035175879397
556 3.678391959798995
557 3.316582914572864
558 3.3467336683417086
559 3.557788944723618
560 3.527638190954774
561 3.437185929648241
562 3.28643216080402
563 3.437185929648241
564 3.648241206030151
565 3.437185929648241
566 3.3768844221105527
567 3.437185929648241
568 3.618090452261306
569 3.4974874371859297
570 3.2562814070351758
571 3.165829145728643
572 3.557788944723618
573 3.407035175879397
574 3.3768844221105527
575 3.587939698492462
576 3.437185929648241
577 3.316582914572864
578 3.527638190954774
579 3.28643216080402
580 3.467336683417085
581 3.648241206030151
582 3.467336683417085
583 3.527638190954774
584 3.467336683417085
585 3.527638190954774
586 3.316582914572864
587 3.527638190954774
588 3.527638190954774
589 3.437185929648241
590 3.407035175879397
591 3.4974874371859297
592 3.135678391959799
593 3.4974874371859297
594 3.407035175879397
595 3.467336683417085
596 3.618090452261306
597 3.4974874371859297
598 3.3467336683417086
599 3.2562814070351758
600 3.28643216080402
601 3.3467336683417086
602 3.407035175879397
603 3.2261306532663316
604 3.28643216080402
605 3.587939698492462
606 3.3768844221105527
607 3.467336683417085
608 3.467336683417085
609 3.4974874371859297
610 3.527638190954774
611 3.467336683417085
612 3.2261306532663316
613 3.527638190954774
614 3.165829145728643
615 3.437185929648241
616 3.467336683417085
617 3.678391959798995
618 3.587939698492462
619 3.407035175879397
620 3.648241206030151
621 3.467336683417085
622 3.467336683417085
623 3.467336683417085
624 3.28643216080402
625 3.3768844221105527
626 3.527638190954774
627 3.708542713567839
628 3.135678391959799
629 3.1959798994974875
630 3.2562814070351758
631 3.437185929648241
632 3.28643216080402
633 3.3768844221105527
634 3.3768844221105527
635 3.467336683417085
636 3.437185929648241
637 3.467336683417085
638 3.708542713567839
639 3.557788944723618
640 3.28643216080402
641 3.407035175879397
642 3.407035175879397
643 3.467336683417085
644 3.316582914572864
645 3.467336683417085
646 3.316582914572864
647 3.587939698492462
648 3.527638190954774
649 3.467336683417085
650 3.4974874371859297
651 3.3768844221105527
652 3.28643216080402
653 3.135678391959799
654 3.1959798994974875
655 3.587939698492462
656 3.3768844221105527
657 3.165829145728643
658 3.3768844221105527
659 3.3467336683417086
660 3.467336683417085
661 3.437185929648241
662 3.165829145728643
663 3.316582914572864
664 3.527638190954774
665 3.4974874371859297
666 3.015075376884422
667 3.467336683417085
668 3.4974874371859297
669 3.135678391959799
670 3.28643216080402
671 3.618090452261306
672 3.28643216080402
673 3.3467336683417086
674 3.4974874371859297
675 3.2562814070351758
676 3.467336683417085
677 3.135678391959799
678 3.618090452261306
679 3.557788944723618
680 3.437185929648241
681 3.467336683417085
682 3.3768844221105527
683 3.618090452261306
684 3.316582914572864
685 3.316582914572864
686 3.3467336683417086
687 3.437185929648241
688 3.527638190954774
689 3.2261306532663316
690 3.2562814070351758
691 3.437185929648241
692 3.316582914572864
693 3.1959798994974875
694 3.3467336683417086
695 3.4974874371859297
696 3.2562814070351758
697 3.467336683417085
698 3.648241206030151
699 3.557788944723618
700 3.527638190954774
701 3.437185929648241
702 3.437185929648241
703 3.437185929648241
704 3.618090452261306
705 3.28643216080402
706 3.618090452261306
707 3.3467336683417086
708 3.407035175879397
709 3.557788944723618
710 3.467336683417085
711 3.678391959798995
712 3.2562814070351758
713 3.4974874371859297
714 3.165829145728643
715 3.557788944723618
716 3.2562814070351758
717 3.3467336683417086
718 3.527638190954774
719 3.407035175879397
720 3.3768844221105527
721 3.467336683417085
722 3.557788944723618
723 3.2562814070351758
724 3.618090452261306
725 3.587939698492462
726 3.2562814070351758
727 3.648241206030151
728 3.467336683417085
729 3.4974874371859297
730 3.4974874371859297
731 3.527638190954774
732 3.2562814070351758
733 3.3768844221105527
734 3.165829145728643
735 3.618090452261306
736 3.467336683417085
737 3.467336683417085
738 3.467336683417085
739 3.4974874371859297
740 3.7688442211055273
741 3.1959798994974875
742 3.3768844221105527
743 3.135678391959799
744 3.2562814070351758
745 3.165829145728643
746 3.557788944723618
747 3.407035175879397
748 3.3768844221105527
749 3.587939698492462
750 3.3768844221105527
751 3.557788944723618
752 3.316582914572864
753 3.708542713567839
754 3.316582914572864
755 3.28643216080402
756 3.527638190954774
757 3.407035175879397
758 3.467336683417085
759 3.527638190954774
760 3.316582914572864
761 3.165829145728643
762 3.3768844221105527
763 3.467336683417085
764 3.3768844221105527
765 3.2261306532663316
766 3.557788944723618
767 3.437185929648241
768 3.3768844221105527
769 3.557788944723618
770 3.557788944723618
771 3.407035175879397
772 3.618090452261306
773 3.437185929648241
774 3.648241206030151
775 3.7688442211055273
776 3.587939698492462
777 3.4974874371859297
778 3.135678391959799
779 3.3768844221105527
780 3.28643216080402
781 3.407035175879397
782 3.165829145728643
783 3.437185929648241
784 3.437185929648241
785 3.0753768844221105
786 3.316582914572864
787 3.3768844221105527
788 3.316582914572864
789 3.437185929648241
790 3.437185929648241
791 3.3768844221105527
792 3.4974874371859297
793 3.28643216080402
794 3.648241206030151
795 3.467336683417085
796 3.587939698492462
797 3.467336683417085
798 3.4974874371859297
799 3.4974874371859297
800 3.28643216080402
801 3.1959798994974875
802 3.4974874371859297
803 3.3768844221105527
804 3.527638190954774
805 3.3467336683417086
806 3.28643216080402
807 3.3768844221105527
808 3.316582914572864
809 3.2562814070351758
810 3.3768844221105527
811 3.2562814070351758
812 3.4974874371859297
813 3.4974874371859297
814 3.437185929648241
815 3.437185929648241
816 3.557788944723618
817 3.648241206030151
818 3.2261306532663316
819 3.2562814070351758
820 3.407035175879397
821 3.2562814070351758
822 3.3467336683417086
823 3.28643216080402
824 3.3467336683417086
825 3.527638190954774
826 3.135678391959799
827 3.527638190954774
828 3.557788944723618
829 3.587939698492462
830 3.0452261306532664
831 3.015075376884422
832 3.4974874371859297
833 3.28643216080402
834 3.0753768844221105
835 3.467336683417085
836 3.165829145728643
837 3.407035175879397
838 3.3768844221105527
839 3.557788944723618
840 3.407035175879397
841 3.557788944723618
842 3.3467336683417086
843 3.3467336683417086
844 3.467336683417085
845 3.0452261306532664
846 3.587939698492462
847 3.467336683417085
848 3.437185929648241
849 3.587939698492462
850 3.648241206030151
851 3.316582914572864
852 3.527638190954774
853 3.467336683417085
854 3.1959798994974875
855 3.557788944723618
856 3.4974874371859297
857 3.618090452261306
858 3.1055276381909547
859 3.1959798994974875
860 3.587939698492462
861 3.557788944723618
862 3.3768844221105527
863 3.407035175879397
864 3.4974874371859297
865 3.648241206030151
866 3.2562814070351758
867 3.1959798994974875
868 3.28643216080402
869 3.437185929648241
870 3.3768844221105527
871 3.437185929648241
872 3.407035175879397
873 3.4974874371859297
874 3.3768844221105527
875 3.467336683417085
876 3.618090452261306
877 3.165829145728643
878 3.4974874371859297
879 3.316582914572864
880 3.467336683417085
881 3.316582914572864
882 3.28643216080402
883 3.4974874371859297
884 3.316582914572864
885 3.648241206030151
886 3.28643216080402
887 3.407035175879397
888 3.4974874371859297
889 3.407035175879397
890 3.527638190954774
891 3.437185929648241
892 3.407035175879397
893 3.467336683417085
894 3.437185929648241
895 3.316582914572864
896 3.165829145728643
897 3.3467336683417086
898 3.618090452261306
899 3.28643216080402
900 3.165829145728643
901 3.4974874371859297
902 3.467336683417085
903 3.467336683417085
904 3.527638190954774
905 3.437185929648241
906 3.648241206030151
907 3.527638190954774
908 3.3467336683417086
909 3.3768844221105527
910 3.618090452261306
911 3.28643216080402
912 3.527638190954774
913 3.437185929648241
914 3.407035175879397
915 3.3467336683417086
916 3.3768844221105527
917 3.3467336683417086
918 3.618090452261306
919 3.1959798994974875
920 3.527638190954774
921 3.165829145728643
922 3.165829145728643
923 3.648241206030151
924 3.467336683417085
925 3.3768844221105527
926 3.798994974874372
927 3.2562814070351758
928 3.557788944723618
929 3.2562814070351758
930 3.648241206030151
931 3.618090452261306
932 3.557788944723618
933 3.527638190954774
934 3.2562814070351758
935 3.1959798994974875
936 3.527638190954774
937 3.1959798994974875
938 3.2261306532663316
939 3.2562814070351758
940 3.4974874371859297
941 3.3768844221105527
942 3.7688442211055273
943 3.437185929648241
944 3.1959798994974875
945 3.407035175879397
946 3.0452261306532664
947 3.3768844221105527
948 3.3768844221105527
949 3.3768844221105527
950 3.2562814070351758
951 3.2261306532663316
952 3.316582914572864
953 3.165829145728643
954 3.678391959798995
955 3.316582914572864
956 3.28643216080402
957 3.165829145728643
958 3.4974874371859297
959 3.527638190954774
960 3.3467336683417086
961 3.407035175879397
962 3.587939698492462
963 3.557788944723618
964 3.2261306532663316
965 3.407035175879397
966 3.437185929648241
967 3.0753768844221105
968 3.467336683417085
969 3.557788944723618
970 3.316582914572864
971 3.3467336683417086
972 3.407035175879397
973 3.1959798994974875
974 3.015075376884422
975 3.316582914572864
976 3.437185929648241
977 3.3467336683417086
978 3.437185929648241
979 3.316582914572864
980 3.407035175879397
981 3.1959798994974875
982 3.1055276381909547
983 3.4974874371859297
984 3.3467336683417086
985 3.4974874371859297
986 3.2261306532663316
987 3.4974874371859297
988 3.527638190954774
989 3.2562814070351758
990 3.4974874371859297
991 3.467336683417085
992 3.316582914572864
993 3.467336683417085
994 3.437185929648241
995 3.467336683417085
996 3.1055276381909547
997 3.3467336683417086
998 3.557788944723618
999 3.437185929648241
0 3.527638190954774
1 3.527638190954774
2 3.467336683417085
3 3.4974874371859297
4 3.557788944723618
5 3.527638190954774
6 3.527638190954774
7 3.437185929648241
8 3.557788944723618
9 3.648241206030151
0 3.527638190954774
1 3.527638190954774
2 3.467336683417085
3 3.4974874371859297
4 3.557788944723618
5 3.527638190954774
6 3.527638190954774
7 3.437185929648241
8 3.557788944723618
9 3.648241206030151
10 3.3768844221105527
11 3.527638190954774
12 3.4974874371859297
13 3.4974874371859297
14 3.467336683417085
15 3.3467336683417086
16 3.407035175879397
17 3.557788944723618
0 3.527638190954774
1 3.527638190954774
2 3.467336683417085
3 3.4974874371859297
4 3.557788944723618
5 3.527638190954774
6 3.527638190954774
7 3.437185929648241
8 3.557788944723618
9 3.648241206030151
10 3.3768844221105527
11 3.527638190954774
12 3.4974874371859297
13 3.4974874371859297
14 3.467336683417085
15 3.3467336683417086
16 3.407035175879397
17 3.557788944723618
18 3.437185929648241
