0 0 0 104 4 2 412 64 0 6 578 16 56 14 0 0 0 0 68 2 6
1 0 4 102 6 0 466 40 0 6 640 4 14 6 0 0 0 0 32 0 0
2 0 0 108 12 2 466 32 0 8 650 4 10 4 0 0 0 0 22 0 0
3 0 2 94 2 0 430 62 0 2 648 0 18 16 0 0 0 0 56 0 0
4 0 4 90 6 2 418 58 0 0 630 4 44 18 0 0 0 0 58 0 6
5 0 4 122 20 6 402 48 0 22 448 68 98 12 0 0 0 0 72 6 2
6 0 4 100 26 8 328 112 0 18 420 114 80 18 0 0 0 2 88 6 10
7 0 24 150 62 26 402 80 0 38 324 70 58 2 0 0 0 4 36 0 0
8 0 4 94 26 4 332 96 0 6 448 34 130 26 0 0 0 0 118 14 12
9 0 0 52 24 4 270 180 0 6 362 40 174 40 0 0 0 0 160 26 28
10 2 24 178 56 42 458 44 0 34 290 52 42 2 0 0 0 2 34 0 0
11 0 2 84 20 2 356 116 0 12 518 38 66 20 0 0 0 0 96 6 2
12 0 4 86 34 8 408 86 0 20 506 46 56 10 0 0 0 2 58 0 2
13 0 8 102 56 4 352 86 0 18 482 36 78 10 0 0 0 0 78 0 4
14 0 20 94 48 14 408 56 0 14 550 20 36 2 0 0 0 2 38 4 0
15 0 24 152 50 18 462 28 0 38 478 4 10 2 0 0 0 0 12 0 0
16 0 16 128 56 22 420 60 0 22 440 44 46 2 0 0 0 0 32 0 2
17 0 6 104 42 4 368 48 0 10 586 34 52 8 0 0 0 0 56 8 2
18 0 14 130 44 16 438 66 0 32 440 40 34 2 0 0 0 0 32 8 0
19 0 4 70 34 2 364 102 0 14 512 32 90 14 0 0 0 2 96 8 2
20 0 0 110 30 8 410 74 0 14 482 36 78 6 0 0 0 2 66 6 2
21 0 8 108 38 18 410 80 0 18 430 50 86 8 0 0 0 0 54 4 4
22 0 8 76 40 10 296 144 0 8 426 48 118 24 0 0 0 2 124 12 6
23 0 10 78 30 2 334 88 0 4 502 26 114 22 0 0 2 0 106 24 10
24 0 10 76 56 4 370 112 0 8 546 20 50 10 0 0 0 2 48 6 0
25 0 10 92 38 10 404 50 0 10 582 18 60 4 0 0 2 0 46 2 0
26 0 6 84 34 14 298 108 0 2 426 58 130 28 0 0 0 0 130 18 10
27 0 12 108 30 12 380 88 0 14 504 42 56 8 0 0 2 0 58 6 2
28 0 0 96 8 12 442 96 0 8 534 26 42 10 0 0 2 2 50 0 4
29 0 2 96 44 4 378 98 0 20 454 60 82 6 0 0 0 0 60 16 6
30 2 18 132 56 22 434 68 0 20 392 58 48 2 0 0 0 2 30 0 0
31 0 0 36 26 0 194 208 0 0 256 10 226 102 0 0 0 0 234 34 80
32 0 10 90 44 8 366 78 2 22 390 94 102 16 0 0 0 0 104 2 6
33 0 10 84 54 6 376 90 0 12 470 76 66 8 0 0 0 0 60 0 4
34 0 8 72 38 8 316 128 0 10 350 112 126 26 0 0 0 0 130 2 18
35 0 2 52 50 4 258 154 0 18 256 110 182 64 0 0 0 0 156 8 50
36 0 12 72 34 6 296 152 0 4 390 74 118 24 0 0 0 0 132 12 12
37 0 6 144 54 24 404 90 0 36 358 74 56 2 0 0 0 2 38 0 2
38 0 18 124 50 28 316 80 0 24 378 138 76 4 0 0 0 0 60 2 6
39 30 258 306 116 66 180 14 4 32 18 4 0 0 0 0 0 0 2 0 0
40 2 18 120 76 18 416 54 0 26 454 28 40 2 0 0 0 2 28 0 0
41 0 2 126 48 10 396 50 0 14 574 24 42 2 0 0 0 0 18 4 0
42 0 18 116 62 4 408 32 0 34 518 24 48 4 0 0 0 0 36 0 0
43 0 14 118 64 12 440 28 0 18 494 24 50 4 0 0 0 0 32 0 0
44 2 26 110 60 12 398 44 0 30 482 40 44 8 0 0 0 0 40 0 0
45 0 4 126 50 6 452 50 0 28 504 28 26 2 0 0 0 0 26 0 0
46 0 6 96 56 2 358 66 0 14 584 28 48 8 0 0 0 0 50 0 4
47 0 0 78 26 0 326 104 0 0 516 16 114 32 0 0 0 0 128 2 16
48 0 8 98 38 4 406 70 0 18 524 30 54 8 0 0 2 2 58 0 2
49 0 2 80 22 0 396 86 0 6 598 12 56 12 0 0 0 0 62 0 6
50 0 2 96 30 4 376 74 0 4 528 34 80 12 0 0 2 0 94 0 4
51 2 40 150 80 30 468 46 2 38 322 32 30 0 0 0 0 0 12 0 0
52 0 18 114 52 14 338 74 0 20 444 60 94 14 0 0 0 0 70 0 6
53 0 18 142 54 18 406 38 0 42 438 60 48 2 0 0 0 0 22 0 0
54 0 2 80 30 4 328 116 0 2 492 56 102 18 0 0 0 2 96 8 6
55 0 14 126 38 14 382 84 0 24 376 72 86 8 0 0 0 0 80 6 0
56 0 0 78 32 14 308 152 0 16 332 58 150 34 0 0 0 4 134 18 16
57 0 22 162 50 46 422 70 0 42 340 60 32 0 0 0 0 0 24 2 0
58 0 18 106 36 18 348 110 0 10 420 56 96 10 0 0 0 0 70 14 2
59 2 28 182 62 46 436 66 0 46 250 56 54 0 0 0 2 2 22 2 0
60 0 6 106 56 14 378 108 0 30 388 50 88 8 0 0 6 2 66 4 2
61 4 62 150 88 42 448 32 0 38 294 38 32 0 0 0 0 0 2 2 0
62 0 30 138 72 40 410 90 0 34 274 84 60 0 0 0 0 2 20 10 0
63 0 0 62 30 2 272 172 0 2 286 32 180 64 0 0 4 6 206 16 38
64 0 0 128 32 14 464 28 0 14 558 26 26 2 0 0 0 0 22 0 0
65 0 16 120 42 10 444 60 0 26 464 28 54 4 0 0 0 0 32 2 0
66 0 6 108 30 8 380 90 0 26 438 54 88 12 0 0 0 0 76 8 6
67 0 4 134 36 20 486 36 0 26 462 40 38 0 0 0 0 2 20 0 0
68 0 2 106 38 4 414 66 0 20 502 36 68 4 0 0 0 4 54 4 0
69 0 14 112 48 18 366 108 0 32 264 82 138 10 0 0 0 0 108 8 0
70 4 68 152 70 28 474 24 0 38 360 8 2 0 0 0 0 0 2 0 0
71 0 6 122 44 12 416 44 0 24 526 30 48 4 0 0 0 0 34 0 2
72 0 4 116 42 8 396 66 2 18 550 44 34 4 0 0 0 0 28 2 4
73 0 16 132 46 16 488 38 0 34 438 22 30 4 0 0 2 0 22 0 2
74 0 2 118 38 4 462 40 0 14 562 28 24 0 0 0 0 0 16 2 0
75 0 22 114 60 12 368 100 0 28 416 26 72 8 0 0 0 2 42 18 0
76 0 4 82 44 4 354 98 0 14 422 62 120 12 0 0 2 0 92 18 4
77 2 12 100 48 16 378 76 0 16 472 38 84 8 0 0 0 0 60 2 0
78 2 2 120 72 12 412 110 0 22 338 38 92 4 0 0 0 2 52 16 2
79 0 14 112 44 16 422 92 0 22 338 94 90 2 0 0 0 0 48 2 2
80 0 6 96 30 6 370 64 0 12 540 32 88 8 0 0 0 0 76 4 0
81 0 16 110 46 12 404 40 0 20 586 40 14 0 0 0 0 0 16 0 0
82 0 16 128 56 18 394 54 0 28 432 50 72 6 0 0 0 2 40 0 4
83 0 4 72 32 2 390 82 0 6 570 18 64 16 0 0 0 2 72 2 4
84 0 14 104 38 8 420 26 0 10 622 22 28 4 0 0 0 0 18 0 0
85 0 14 152 42 10 450 28 0 32 496 26 24 0 0 0 0 0 20 0 0
86 0 0 58 18 0 344 132 0 6 474 8 122 38 0 0 2 0 140 4 16
87 0 6 116 30 4 440 30 0 20 554 14 46 8 0 0 0 0 52 0 2
88 0 2 98 44 4 388 72 0 12 478 44 90 12 0 0 0 0 74 2 0
89 0 4 82 22 0 370 88 0 8 512 22 92 24 0 0 2 0 110 2 10
90 2 32 170 70 30 466 36 2 34 336 20 32 2 0 0 0 2 24 0 0
91 0 12 108 42 4 462 36 0 22 546 10 26 4 0 0 0 0 38 0 0
92 0 16 130 48 6 416 26 0 20 570 30 26 0 0 0 0 0 10 6 0
93 0 16 136 60 18 424 52 0 44 404 40 64 2 0 0 0 0 32 0 0
94 0 10 106 48 8 458 76 0 40 418 32 48 8 0 0 0 0 40 2 8
95 0 2 102 26 16 382 96 0 22 500 26 56 12 0 0 0 2 82 4 2
96 0 2 82 24 4 358 102 0 8 554 18 84 18 0 0 0 0 74 6 8
97 0 18 118 58 8 424 30 0 24 530 24 38 2 0 0 0 0 16 0 0
98 0 2 64 26 0 356 108 0 8 458 32 120 28 0 0 0 0 132 6 16
99 0 10 96 40 12 360 86 0 16 458 60 86 14 0 0 0 0 80 2 8
100 0 2 72 28 2 364 106 0 10 512 34 80 20 0 0 0 0 106 2 8
101 0 4 70 32 4 332 116 0 6 502 30 92 28 0 0 0 4 118 6 6
102 0 20 128 36 22 504 16 2 40 482 26 12 0 0 0 0 0 4 0 0
103 2 14 110 26 8 452 40 0 14 592 16 14 2 0 0 0 2 16 0 0
104 0 2 78 22 0 376 84 0 0 602 12 58 20 0 0 0 0 74 4 10
105 0 4 120 48 10 414 50 0 14 546 20 36 6 0 0 0 2 34 2 0
106 0 16 122 40 16 436 32 0 20 534 24 40 0 0 0 0 2 18 2 0
107 0 8 92 18 0 410 60 0 4 648 8 28 8 0 0 0 0 42 0 4
108 0 4 116 30 4 420 32 0 10 592 24 42 6 0 0 0 2 44 0 0
109 0 6 100 26 2 396 68 0 8 586 30 42 10 0 0 0 0 46 0 6
110 0 12 138 42 22 440 30 0 34 486 38 32 0 0 0 0 0 26 0 0
111 0 2 80 16 2 412 84 0 4 646 6 24 12 0 0 0 0 46 0 4
112 0 2 74 32 8 378 102 0 10 508 38 88 12 0 0 0 2 80 2 0
113 0 4 100 20 12 450 64 0 18 592 12 24 2 0 0 0 0 22 0 0
114 0 4 86 32 0 378 68 0 8 552 42 78 10 0 0 0 0 72 0 6
115 0 10 134 42 18 414 60 0 20 502 18 44 2 0 0 0 0 36 0 0
116 0 14 106 38 4 418 66 0 20 550 30 34 0 0 0 0 0 28 2 0
117 0 2 70 32 2 340 100 0 6 544 32 94 18 0 0 0 2 100 6 0
118 0 2 78 50 2 350 88 0 6 544 26 82 14 0 0 0 0 86 4 4
119 0 4 102 50 2 412 74 0 14 526 24 44 10 0 0 0 0 46 4 2
120 0 14 100 28 18 406 70 0 20 480 24 74 16 0 0 0 0 68 0 6
121 0 10 88 22 6 382 94 0 12 508 14 88 22 0 0 0 0 82 0 8
122 0 0 100 28 8 444 66 0 14 516 30 42 12 0 0 0 0 66 0 0
123 0 48 182 62 36 510 34 0 32 290 28 8 0 0 0 0 0 6 0 0
124 0 8 78 26 6 368 106 0 10 492 40 86 14 0 0 0 2 82 12 4
125 4 14 128 40 26 432 46 0 32 390 62 70 6 0 0 0 0 50 2 2
126 2 20 112 86 10 382 96 0 26 310 44 114 8 0 0 0 4 62 0 6
127 0 8 80 56 8 314 92 0 10 490 56 98 22 0 0 0 0 92 6 6
128 0 20 168 50 40 498 40 0 42 352 32 16 0 0 0 0 2 8 0 0
129 0 4 86 18 8 374 92 0 12 510 32 84 16 0 0 0 0 78 20 10
130 2 4 86 18 4 434 102 0 16 466 30 78 12 0 0 0 0 70 6 2
131 4 24 138 62 18 410 82 0 36 354 52 58 0 0 0 0 0 32 10 0
132 0 4 108 36 6 422 58 0 22 488 40 60 10 0 0 0 0 66 0 6
133 0 2 94 34 8 390 60 0 6 516 18 92 16 0 0 0 2 82 12 2
134 2 24 192 36 26 434 50 0 30 394 34 32 0 0 0 0 0 12 4 2
135 0 12 60 36 14 274 158 0 12 344 58 154 38 0 0 0 4 134 24 26
136 0 12 112 38 4 430 24 0 8 538 44 40 6 0 0 0 0 56 4 0
137 0 8 70 16 2 330 140 0 8 410 34 128 30 0 0 2 0 152 12 10
138 0 18 176 32 26 424 54 0 28 428 50 24 0 0 0 0 0 14 8 0
139 4 34 172 48 46 490 30 0 60 312 38 14 0 0 0 0 0 4 0 0
140 0 10 90 48 6 368 82 0 16 410 24 118 26 0 0 2 4 118 0 12
141 0 8 94 32 8 362 90 0 14 536 20 66 12 0 0 0 0 78 2 6
142 0 4 64 34 4 366 100 0 4 554 16 66 22 0 0 0 0 100 6 6
143 0 0 56 28 4 328 136 0 4 434 6 160 38 0 0 2 2 120 20 24
144 0 2 108 36 10 432 40 0 14 552 34 46 6 0 0 0 2 38 2 2
145 0 0 90 38 6 390 90 0 14 508 30 72 10 0 0 0 2 70 8 2
146 0 12 122 30 10 460 54 0 22 476 44 44 0 0 0 0 0 32 0 0
147 0 2 94 32 6 412 46 0 8 570 18 62 12 0 0 0 0 58 14 4
148 0 6 90 58 8 404 82 0 18 436 28 88 8 0 0 0 0 76 12 2
149 0 0 74 34 2 336 112 0 6 480 44 116 20 0 0 0 0 108 12 4
150 0 2 96 46 8 396 50 0 8 574 24 56 8 0 0 0 0 60 2 2
151 0 0 62 36 4 362 120 0 12 466 36 102 22 0 0 0 0 98 16 10
152 0 22 130 52 28 436 54 0 40 406 42 38 2 0 0 2 0 28 8 0
153 0 6 98 32 6 460 40 0 10 578 20 36 2 0 0 0 0 16 14 0
154 0 8 116 60 36 396 104 0 26 284 102 78 4 0 0 0 2 56 22 0
155 0 4 84 30 0 372 88 0 12 490 32 86 16 0 0 0 0 92 32 4
156 0 0 94 26 16 400 88 0 20 460 50 74 14 0 0 0 0 72 12 6
157 0 8 86 50 4 408 62 0 16 512 34 60 10 0 0 0 0 56 10 0
158 0 0 104 28 10 478 60 0 24 448 40 76 2 0 0 0 0 48 2 0
159 0 10 124 32 30 452 86 0 30 384 52 56 2 0 0 2 0 32 8 0
160 0 4 114 40 10 416 114 0 16 368 58 80 4 0 0 2 0 60 14 0
161 2 64 220 66 48 434 34 0 46 254 20 16 0 0 0 0 0 4 2 0
162 0 18 118 42 26 404 86 0 40 340 42 106 2 0 0 0 0 58 24 0
163 0 2 100 34 4 340 132 0 18 380 34 130 16 0 0 0 0 100 34 6
164 0 2 48 34 0 308 164 0 8 346 34 178 42 0 0 0 0 142 32 22
165 2 6 128 40 16 424 88 0 30 416 34 54 8 0 0 0 0 46 4 2
166 0 14 112 36 22 370 118 0 28 368 48 84 10 0 0 0 2 84 12 2
167 0 2 74 42 0 360 92 2 2 480 20 118 18 0 0 0 4 100 26 4
168 0 0 68 20 12 342 142 0 18 372 60 132 26 0 0 0 2 118 34 8
169 0 12 122 54 30 418 80 0 30 344 76 64 4 0 0 0 0 54 6 0
170 0 4 92 36 14 392 80 0 20 480 34 100 6 0 0 0 0 58 8 0
171 0 2 78 56 10 346 100 0 8 440 44 104 10 0 0 0 0 94 38 4
172 2 18 92 64 12 446 78 2 22 410 32 58 6 0 0 0 0 46 10 0
173 0 8 76 48 8 342 106 0 18 436 56 116 10 0 0 0 0 92 8 12
174 0 30 94 62 24 406 84 0 18 336 64 92 4 0 0 2 2 48 30 0
175 0 6 100 78 30 336 98 0 30 350 106 100 2 0 0 0 0 58 16 0
176 0 6 82 70 26 316 156 0 28 294 114 114 2 0 0 0 4 86 16 2
177 0 26 112 88 30 356 96 0 26 276 98 104 4 0 0 2 0 50 12 4
178 0 6 80 74 16 334 102 0 20 434 68 96 14 0 0 0 4 54 12 4
179 0 12 104 74 18 370 92 0 28 408 68 76 0 0 0 0 0 36 12 0
180 0 14 118 66 28 408 108 0 36 286 74 80 0 0 0 0 0 60 6 0
181 0 14 104 68 18 332 126 0 26 340 90 98 2 0 0 0 0 56 24 4
182 0 6 80 80 14 308 110 0 20 358 98 116 10 0 0 4 0 78 30 2
183 0 10 138 72 40 314 120 0 38 290 104 100 2 0 0 2 0 42 14 2
184 2 14 92 66 14 294 142 0 24 320 108 126 4 0 0 2 0 84 16 2
185 2 14 114 96 34 344 116 0 26 298 118 80 0 0 0 0 0 28 10 0
186 0 14 86 60 14 310 170 2 26 280 80 152 4 0 0 0 0 94 12 6
187 0 2 54 40 12 230 194 0 6 272 92 196 26 0 0 0 0 174 44 16
188 2 68 188 120 44 326 92 0 46 178 50 60 0 0 0 0 0 18 16 0
189 0 6 94 56 12 260 160 0 16 250 96 184 20 0 0 0 0 132 32 12
190 2 44 160 98 58 396 92 0 40 166 90 54 2 0 0 0 0 20 4 0
191 0 6 54 72 8 214 158 0 8 256 84 192 40 0 0 4 4 186 44 26
192 0 12 104 88 24 336 102 0 24 350 104 92 0 0 0 4 0 34 16 0
193 6 60 156 102 62 354 64 0 32 228 102 36 0 0 0 0 2 10 2 0
194 20 140 246 100 70 334 46 2 30 82 28 18 0 0 0 0 0 6 2 0
195 0 4 72 48 12 264 164 0 12 316 66 168 26 0 0 0 2 148 28 18
196 4 38 164 126 36 404 76 0 38 232 66 26 0 0 0 0 0 6 2 0
197 0 10 108 76 20 274 170 0 22 124 126 186 22 0 0 2 8 132 14 16
198 2 44 122 116 40 292 140 0 30 192 126 84 0 0 0 2 2 46 2 0
199 4 72 180 94 56 334 100 4 44 72 94 104 0 0 0 0 2 44 10 0
200 2 40 186 126 50 292 98 0 40 192 92 68 0 0 0 2 0 30 4 0
201 4 44 204 116 70 362 38 2 50 182 104 38 0 0 0 0 0 8 2 0
202 0 12 70 136 40 194 146 0 24 204 138 184 12 0 0 0 2 118 20 4
203 0 4 44 64 10 190 198 0 4 172 96 226 58 0 0 2 4 194 60 48
204 20 184 268 128 72 228 62 2 18 36 46 18 0 0 0 0 0 4 0 0
205 4 80 150 132 84 362 86 2 42 134 48 48 0 0 0 0 0 10 8 0
206 6 96 190 134 56 296 126 2 30 50 84 64 2 0 0 2 0 26 18 0
207 6 90 240 130 76 280 86 0 34 100 64 40 0 0 0 2 2 12 8 0
208 0 18 54 94 24 284 190 0 18 122 134 192 6 0 0 0 2 126 46 0
209 10 82 188 118 56 318 126 0 22 82 62 80 0 0 0 0 0 28 6 0
210 0 4 74 84 44 222 202 0 36 124 146 186 14 0 0 8 2 130 38 8
211 0 32 162 102 86 272 160 0 24 62 120 132 4 0 0 0 2 54 24 4
212 64 220 268 170 50 122 42 4 20 14 14 20 0 0 0 0 0 4 0 0
213 22 160 250 150 70 238 58 0 26 22 50 36 0 0 0 0 2 8 4 0
214 4 46 138 126 54 286 160 0 26 84 100 126 0 0 0 4 2 54 22 0
215 4 56 278 114 88 266 90 0 28 64 98 68 0 0 0 0 6 12 6 0
216 6 58 242 120 44 260 154 2 24 64 54 106 0 0 0 2 6 32 14 0
217 2 28 100 88 42 276 222 0 20 84 134 170 2 0 0 4 0 66 30 0
218 0 10 64 74 14 186 216 0 10 112 122 270 20 0 0 4 2 154 66 16
219 0 28 150 98 76 298 134 0 32 114 164 96 2 0 0 0 4 38 20 0
220 0 38 144 98 34 314 172 0 28 94 112 134 0 0 0 4 2 42 32 4
221 0 10 130 82 52 258 162 0 26 94 136 186 0 0 0 4 4 102 52 0
222 0 8 62 76 32 214 248 0 24 84 122 216 12 0 0 2 6 140 78 10
223 10 80 188 156 50 224 128 0 20 54 102 100 0 0 0 0 0 38 28 0
224 0 18 50 74 20 182 212 0 16 74 142 278 14 0 0 6 0 164 86 8
225 4 50 232 108 50 252 182 0 40 38 88 102 0 0 0 0 2 32 16 0
226 0 30 122 80 28 308 246 0 14 88 104 146 0 0 0 0 0 60 24 2
227 10 102 158 148 46 224 158 0 16 40 88 138 0 0 0 2 0 38 20 2
228 0 0 44 64 10 140 250 0 6 48 86 308 30 0 0 4 4 194 156 36
229 0 12 66 62 24 134 256 0 8 52 104 270 22 0 0 2 4 150 154 24
230 22 106 168 156 60 268 122 0 26 36 78 82 0 0 0 0 0 12 4 0
231 0 6 114 56 44 242 218 0 12 50 160 234 2 0 0 2 0 90 70 4
232 0 16 36 54 12 156 254 0 8 88 172 270 8 0 0 4 0 160 122 4
233 0 26 126 96 32 212 196 0 26 94 150 176 2 0 0 2 4 100 44 2
234 0 12 86 50 46 190 268 0 24 50 166 206 8 0 0 4 0 114 92 4
235 2 54 126 102 18 222 210 0 26 86 114 180 0 0 0 2 2 72 42 2
236 16 130 196 144 54 250 138 2 26 42 62 44 0 0 0 2 0 10 14 0
237 0 0 56 44 14 216 212 0 12 72 142 282 26 0 0 4 4 154 110 24
238 0 16 98 80 22 226 206 0 16 88 172 204 6 0 0 0 0 84 78 6
239 6 36 128 100 60 258 186 0 16 68 168 134 0 0 0 2 0 66 30 0
240 6 38 216 80 66 324 140 2 26 70 122 90 0 0 2 0 4 20 8 0
241 0 2 84 70 44 214 208 0 16 66 164 240 8 0 0 4 2 152 58 4
242 2 26 120 100 76 248 180 0 20 52 176 168 0 0 0 0 2 70 30 2
243 0 12 60 94 28 232 194 0 20 118 140 232 4 0 0 2 2 118 58 2
244 0 8 108 64 34 240 190 0 30 70 140 222 2 0 0 6 2 118 84 6
245 0 0 18 40 2 130 248 0 0 40 72 302 54 0 0 2 2 232 228 60
246 0 12 114 68 70 242 168 0 24 74 180 178 2 0 0 2 4 118 62 0
247 16 172 226 130 52 208 134 0 22 22 54 64 0 0 0 2 0 6 6 0
248 6 110 262 114 88 264 86 0 20 46 88 54 0 0 0 4 0 12 4 0
249 0 30 122 84 70 274 164 0 20 90 154 166 0 0 0 4 2 52 46 2
250 2 20 94 90 34 210 220 0 16 80 136 228 6 2 0 6 0 100 50 4
251 2 36 116 112 50 246 200 0 18 60 158 150 0 0 0 4 0 74 38 0
252 0 2 26 36 14 120 306 0 8 76 84 296 28 0 0 6 2 190 168 32
253 0 24 106 90 32 250 208 0 12 82 124 204 0 0 0 2 2 88 56 2
254 0 22 114 90 32 250 192 0 32 64 136 212 2 0 0 0 2 80 50 2
255 0 10 58 76 24 242 208 0 12 96 148 230 14 0 0 8 6 128 60 8
256 10 70 190 130 42 280 178 0 18 46 114 64 0 0 0 4 2 26 14 0
257 6 76 204 154 38 272 144 0 24 56 78 90 0 0 0 0 0 20 12 0
258 0 14 80 88 10 186 242 0 14 62 110 268 2 0 0 8 6 98 118 16
259 0 10 150 74 40 242 230 0 18 74 108 204 0 0 0 4 0 72 42 6
260 6 60 174 110 54 272 162 0 24 58 106 106 0 0 0 0 0 40 36 0
261 8 86 216 110 66 272 150 0 26 48 82 72 0 0 0 2 0 22 18 0
262 0 10 108 72 26 212 224 0 20 94 148 212 4 0 0 4 4 94 68 2
263 0 16 90 84 54 228 194 0 14 70 120 212 6 0 0 4 4 118 90 6
264 0 26 122 86 54 254 230 2 20 40 90 208 0 0 0 0 4 72 48 2
265 2 42 130 116 56 252 206 0 22 40 114 150 0 0 0 0 2 66 42 0
266 2 26 96 84 38 204 216 0 10 86 136 206 6 0 0 6 4 96 58 4
267 2 88 160 88 72 256 130 2 22 44 110 150 0 0 0 6 2 54 16 0
268 4 32 130 120 26 248 196 0 32 70 126 158 0 0 0 0 2 52 36 0
269 0 18 94 72 42 256 218 0 20 68 100 228 14 0 0 4 4 96 46 8
270 0 18 124 86 36 230 184 0 12 48 132 244 4 0 0 0 8 70 80 6
271 0 4 76 82 20 234 236 0 30 76 90 240 10 0 0 0 0 130 78 10
272 14 154 304 108 78 220 74 4 32 36 42 30 0 0 0 0 0 4 2 0
273 2 122 254 116 84 218 128 0 12 22 84 58 0 0 2 0 0 16 12 0
274 4 56 148 120 62 272 182 0 22 54 118 122 0 0 0 2 0 36 18 0
275 0 28 130 104 52 246 188 0 10 56 128 196 2 0 0 0 2 70 42 4
276 0 36 156 128 36 286 186 2 28 64 88 140 2 0 0 2 0 56 12 0
277 4 46 252 100 80 300 118 0 20 48 76 110 0 0 0 2 0 28 8 0
278 2 40 208 90 64 278 164 0 20 52 126 112 0 0 0 0 0 36 28 0
279 4 42 168 72 64 272 194 0 16 40 128 128 0 0 0 0 6 52 50 0
280 0 14 110 78 42 280 212 0 20 80 124 176 0 0 0 2 0 86 60 0
281 4 24 120 90 44 240 174 0 16 82 158 178 0 0 0 2 2 72 64 2
282 4 18 108 92 34 294 192 0 22 74 140 178 0 0 0 2 2 56 46 0
283 0 18 110 84 40 238 182 0 18 70 150 190 10 0 0 2 4 112 60 6
284 2 46 150 86 26 232 206 0 6 66 152 136 0 0 0 4 2 72 62 0
285 6 64 144 142 58 232 172 2 20 32 112 134 2 0 0 2 0 56 34 0
286 2 62 222 118 64 264 126 0 22 52 112 104 0 0 0 6 4 22 10 0
287 10 52 176 108 50 292 164 0 14 56 84 150 0 0 0 2 2 36 20 0
288 0 56 170 86 74 264 182 2 24 54 92 124 0 0 0 8 2 44 48 0
289 0 4 40 70 12 138 258 0 12 34 100 288 46 0 0 10 8 130 172 42
290 0 14 86 70 18 178 242 0 10 52 118 258 8 0 0 0 2 134 126 8
291 2 24 188 92 82 222 186 0 20 30 128 138 0 0 0 0 2 52 78 0
292 2 48 204 98 66 296 158 0 22 28 90 120 0 0 0 0 2 40 30 0
293 0 26 118 94 38 290 204 0 8 64 90 200 0 0 0 0 2 64 62 2
294 0 0 44 72 12 142 288 0 4 54 118 280 20 0 0 4 4 152 146 14
295 16 108 224 116 78 244 114 0 18 34 94 62 0 0 0 2 0 30 10 0
296 2 30 164 86 68 240 186 0 22 40 116 184 2 0 0 2 4 44 58 2
297 0 24 68 86 26 236 218 0 24 72 136 214 6 0 0 0 2 98 90 2
298 0 10 108 82 28 200 234 0 14 64 116 216 4 0 0 2 6 92 116 12
299 0 38 150 132 54 244 188 0 16 66 90 154 4 0 0 2 4 32 48 0
300 6 48 202 134 58 264 158 0 14 48 102 98 0 0 0 2 0 30 20 0
301 0 36 150 88 52 250 244 0 10 54 102 138 2 0 0 0 6 56 48 2
302 0 4 50 40 28 182 252 0 12 46 102 292 22 0 0 6 8 152 150 24
303 0 28 136 110 28 250 178 0 14 64 118 172 8 0 0 10 6 78 70 4
304 32 172 268 142 42 166 112 0 2 14 40 54 0 0 0 0 0 8 8 0
305 4 50 100 120 42 226 216 0 16 48 112 194 2 0 0 0 4 66 48 2
306 0 10 120 62 44 228 180 0 8 68 128 236 2 0 0 10 2 122 94 4
307 2 94 264 128 62 232 136 0 12 40 74 66 0 0 0 0 2 14 16 0
308 0 34 136 122 30 260 192 0 20 64 122 168 2 0 0 8 4 60 26 2
309 32 248 278 104 60 152 68 2 18 12 32 20 0 0 0 0 0 2 2 0
310 0 24 102 74 42 218 234 0 14 56 96 240 2 0 0 2 0 100 88 0
311 0 16 76 112 20 204 216 0 0 62 92 274 0 0 0 2 4 104 116 2
312 4 96 246 126 54 278 116 0 20 32 84 70 0 0 0 0 0 22 10 0
313 2 38 182 94 72 286 160 0 22 60 106 134 6 0 0 2 2 68 12 2
314 0 6 42 64 20 166 274 0 10 46 80 280 16 0 0 4 10 168 150 18
315 6 26 102 122 32 198 222 0 10 70 90 206 4 0 0 2 2 96 70 8
316 0 30 132 96 40 178 236 0 16 36 96 200 2 0 0 0 0 96 98 10
317 4 64 170 134 46 248 172 0 18 46 98 118 0 0 0 4 0 48 30 0
318 8 84 220 158 98 252 118 2 20 52 58 60 0 0 0 0 0 22 2 0
319 0 26 118 98 40 202 224 0 18 66 122 202 2 0 0 6 2 92 60 0
320 0 16 104 82 40 188 240 0 8 56 114 234 4 0 0 2 4 118 86 0
321 0 44 158 100 62 254 158 0 36 48 148 128 0 0 0 2 0 72 36 0
322 2 36 136 84 36 252 196 0 20 64 122 190 2 0 0 6 4 78 36 0
323 8 80 174 126 74 274 146 0 24 34 114 82 0 0 0 4 0 40 14 0
324 2 28 208 104 56 300 134 0 40 70 112 122 0 0 0 4 0 36 14 0
325 0 8 104 84 42 242 218 0 18 86 124 202 6 0 0 10 6 90 54 6
326 2 34 148 94 80 228 170 0 22 72 160 148 0 0 0 0 6 54 38 0
327 6 44 198 114 64 230 164 2 22 56 102 132 0 0 0 0 4 38 34 0
328 0 18 118 56 34 300 232 0 22 70 158 148 0 0 0 2 0 68 52 2
329 26 138 262 128 40 236 96 2 24 24 78 22 0 0 0 0 0 4 2 0
330 0 12 40 56 20 168 278 0 16 62 96 258 20 0 0 2 8 168 124 24
331 0 8 82 88 44 282 212 0 18 54 146 206 0 0 0 2 6 100 46 0
332 0 68 154 126 56 268 168 4 28 60 110 98 0 0 0 2 2 48 24 0
333 8 54 156 116 46 290 180 0 18 78 96 94 2 0 0 2 4 32 32 0
334 8 102 212 114 42 276 142 0 26 40 72 78 0 0 0 0 4 18 18 0
335 4 28 112 92 28 276 200 0 10 80 122 178 2 0 0 2 2 66 68 0
336 0 22 98 72 34 212 224 0 18 58 136 222 2 0 0 4 4 98 92 4
337 0 12 70 66 42 172 254 0 12 64 128 244 10 0 0 4 4 136 94 8
338 6 60 158 88 40 250 174 0 22 58 132 150 0 0 0 0 2 50 40 0
339 0 32 104 106 52 194 212 2 22 66 134 176 0 0 0 2 4 90 84 0
340 0 42 180 102 70 254 172 0 28 48 94 158 0 0 0 0 4 52 26 2
341 0 20 142 92 34 208 178 0 14 68 150 206 0 0 0 4 0 94 72 0
342 0 12 78 74 38 188 222 0 14 62 166 224 10 0 0 6 2 132 88 8
343 0 30 124 88 14 196 268 0 12 64 88 218 0 0 0 0 2 86 76 2
344 8 40 162 94 34 314 188 2 24 50 86 142 0 0 0 0 2 58 28 0
345 0 34 126 80 40 250 208 0 28 58 120 208 0 0 0 2 2 76 42 0
346 0 20 102 76 52 264 228 0 22 58 122 214 0 0 0 6 0 74 46 2
347 2 104 260 114 96 206 138 0 12 32 76 78 0 0 0 0 0 20 10 0
348 16 94 236 128 62 232 132 2 14 28 78 88 0 0 0 2 0 18 16 0
349 0 20 144 66 70 240 212 2 24 50 102 212 0 0 0 4 2 66 56 6
350 0 18 146 76 66 284 182 0 16 78 98 196 0 0 0 4 2 68 38 0
351 0 74 198 136 72 244 138 0 36 56 66 128 0 0 0 0 0 34 16 0
352 0 26 150 52 50 314 204 0 16 64 132 160 0 0 0 2 0 64 28 0
353 0 18 102 84 44 284 212 0 12 64 116 184 0 0 0 0 2 94 70 0
354 0 10 64 76 26 214 274 0 4 78 108 234 8 0 0 6 6 98 96 6
355 2 14 74 96 24 208 260 0 20 72 124 200 0 0 0 0 0 100 100 2
356 4 48 120 120 30 238 206 0 22 78 110 150 0 0 0 0 4 74 42 0
357 2 46 112 126 28 254 170 0 28 82 126 168 0 0 0 0 8 60 36 0
358 0 22 98 74 32 220 242 0 10 82 130 220 4 0 0 6 6 78 62 2
359 46 216 302 104 50 184 60 0 10 12 26 12 0 0 0 0 0 0 2 0
360 10 102 172 176 36 226 176 0 8 40 66 76 0 0 0 2 8 20 16 0
361 0 6 82 80 26 248 216 0 10 52 102 272 6 0 0 6 6 108 82 10
362 40 220 222 148 46 158 96 2 14 14 36 24 0 0 0 2 0 8 2 0
363 14 100 250 146 74 222 104 2 20 28 64 72 0 0 0 0 2 16 10 0
364 0 30 106 100 52 208 216 2 20 60 96 224 2 0 0 0 0 90 60 2
365 2 26 128 88 18 278 206 0 16 66 112 198 4 0 0 10 4 68 34 8
366 20 156 264 130 66 222 110 0 12 30 36 30 0 0 0 0 0 6 2 0
367 0 38 170 86 64 278 198 0 18 48 112 126 10 0 0 4 6 44 30 6
368 0 26 140 60 70 254 184 0 14 58 144 176 0 0 0 0 0 96 56 2
369 2 72 174 116 56 252 160 0 26 56 82 132 2 0 0 4 4 32 34 0
370 8 128 284 98 90 222 104 0 24 24 72 60 0 0 0 4 0 12 12 0
371 0 40 122 92 36 278 176 0 18 70 136 178 0 0 0 4 4 74 26 6
372 4 80 176 150 40 266 158 0 14 58 76 80 0 0 0 0 2 32 20 0
373 20 132 266 134 56 230 94 0 12 28 60 56 0 0 0 0 0 12 8 0
374 2 50 182 124 62 238 166 0 24 50 90 140 0 0 0 4 2 38 40 0
375 0 22 110 82 42 226 206 0 18 62 160 184 2 0 0 2 2 104 70 2
376 0 4 96 66 28 194 222 0 16 68 144 244 10 0 0 2 4 158 70 4
377 0 18 96 94 26 230 194 2 6 92 132 240 2 0 0 2 2 102 58 0
378 2 14 98 104 26 234 242 0 10 56 106 212 4 0 0 4 6 106 66 4
379 0 14 78 74 32 202 224 0 14 54 144 212 8 0 0 6 2 130 114 10
380 18 160 202 158 68 172 142 0 8 16 62 64 0 0 0 2 2 10 14 0
381 4 104 254 122 78 232 140 2 22 14 68 68 0 0 0 0 2 20 18 0
382 2 54 170 120 50 220 194 0 8 24 90 186 0 0 0 2 0 48 40 0
383 4 74 228 140 70 228 152 2 20 44 58 90 0 0 0 2 0 36 20 0
384 4 40 106 94 44 214 210 0 8 48 112 220 2 0 0 0 0 90 68 2
385 6 46 144 130 50 244 140 0 22 88 122 148 0 0 0 0 0 50 36 0
386 0 6 42 70 8 142 270 0 12 36 122 300 18 0 0 10 0 132 162 26
387 2 82 184 138 50 240 170 0 26 56 94 90 0 2 0 2 2 26 18 0
388 0 2 82 82 26 198 254 0 10 60 108 252 2 0 0 2 0 130 108 2
389 0 14 138 88 32 228 228 0 16 58 110 204 2 0 0 2 0 86 66 4
390 0 38 152 110 60 222 220 0 14 36 88 172 0 0 0 4 4 62 58 0
391 6 76 156 144 62 254 160 0 18 70 70 120 0 0 0 2 2 24 20 0
392 6 50 152 98 62 292 172 0 26 66 92 152 0 0 0 0 2 36 14 0
393 2 34 88 62 54 230 214 0 24 46 88 232 6 0 0 4 6 100 98 6
394 0 20 108 70 58 234 194 0 22 40 132 218 12 0 0 2 2 124 60 2
395 0 64 202 124 78 242 136 0 40 46 104 112 0 0 0 0 0 44 14 0
396 2 56 144 144 30 246 164 0 38 62 90 152 4 0 0 4 0 78 8 0
397 0 88 202 138 68 280 116 2 24 56 78 86 0 0 0 2 0 26 14 0
398 0 20 62 86 14 232 232 0 16 110 120 206 10 0 0 2 0 114 74 8
399 22 126 256 118 68 268 102 0 8 22 50 44 0 0 0 0 0 20 6 0
400 2 56 198 98 76 300 160 0 20 30 78 118 0 0 0 2 0 32 26 0
401 10 112 254 112 96 202 140 2 14 18 70 80 0 0 0 2 2 12 16 0
402 0 2 20 46 8 92 278 0 2 40 78 344 54 0 0 6 6 190 180 58
403 0 16 118 90 32 322 166 0 26 110 128 172 0 0 0 2 2 76 26 0
404 12 86 288 102 66 306 96 2 28 40 66 58 0 0 0 0 0 8 2 0
405 2 18 114 84 44 284 212 0 26 70 130 166 6 0 0 2 2 74 44 6
406 28 188 256 142 42 246 62 2 22 24 28 20 0 0 0 4 0 0 2 0
407 14 132 240 140 50 258 90 0 30 24 84 34 0 0 0 2 0 8 4 0
408 0 30 100 102 42 228 192 0 20 92 142 210 2 0 0 2 2 74 36 4
409 4 48 86 132 8 186 212 0 14 68 118 216 0 0 0 2 0 92 74 0
410 0 40 146 100 74 288 172 0 18 28 114 158 2 0 0 0 4 68 36 0
411 0 22 122 56 68 264 198 0 22 56 116 206 2 0 0 0 0 94 56 8
412 0 22 92 106 38 236 196 0 22 70 156 188 0 0 0 2 6 80 76 2
413 32 282 308 108 82 116 46 0 12 4 30 2 0 0 0 0 0 2 2 0
414 2 20 94 90 26 266 184 0 12 106 154 194 0 0 0 2 2 88 42 2
415 8 124 272 122 82 296 62 0 36 26 66 36 0 0 0 0 2 6 0 0
416 0 4 44 66 14 200 218 0 14 118 118 240 36 0 0 6 0 174 78 32
417 2 64 154 124 80 282 144 0 50 56 98 104 0 0 0 4 0 38 16 0
418 4 54 142 78 56 294 154 0 20 70 126 156 0 0 0 0 0 58 28 0
419 2 26 104 98 42 280 192 0 34 88 146 160 2 0 0 0 4 62 32 2
420 8 128 284 112 72 244 118 0 20 24 74 38 0 0 0 0 2 10 8 0
421 16 94 244 138 54 274 116 2 26 48 50 54 0 0 0 2 0 22 6 0
422 0 18 122 82 52 292 194 0 22 38 150 164 0 0 0 4 2 78 62 2
423 0 24 90 72 24 222 226 0 18 64 152 208 4 0 0 4 4 96 96 4
424 0 4 74 44 8 162 242 0 14 64 112 274 20 0 2 0 4 164 158 22
425 0 8 102 60 38 192 232 0 16 70 146 226 6 0 0 6 6 134 74 6
426 2 28 114 82 44 284 200 0 18 72 106 190 2 0 0 2 2 86 46 2
427 0 24 120 82 44 272 190 0 22 62 126 186 6 0 0 2 2 78 58 6
428 0 6 110 52 40 232 190 0 32 70 136 228 4 0 0 0 2 140 82 0
429 0 28 86 118 28 256 230 0 20 72 126 180 6 0 0 8 2 72 32 4
430 0 42 234 100 104 248 146 0 20 52 112 100 0 0 0 2 2 28 20 0
431 4 40 160 110 114 270 164 0 26 44 106 120 4 0 0 6 4 48 12 0
432 0 46 106 92 40 240 184 0 30 70 144 188 2 0 0 2 0 64 48 4
433 0 20 134 94 40 244 224 0 20 64 106 196 2 0 0 2 6 70 42 6
434 0 54 192 98 76 246 168 0 26 36 114 142 2 0 0 0 2 32 26 0
435 0 0 26 32 8 102 318 0 2 44 82 282 58 0 0 4 12 158 212 70
436 0 10 70 42 26 196 266 2 12 54 128 242 14 0 0 10 4 140 118 14
437 10 126 230 124 114 236 120 2 24 28 46 46 0 0 0 0 0 14 6 0
438 4 50 176 104 42 266 192 0 30 68 98 130 0 0 0 2 2 40 22 0
439 8 84 228 122 48 320 140 0 22 28 76 52 0 0 0 4 4 10 8 0
440 4 50 132 130 38 284 204 0 12 58 144 86 0 0 0 0 2 42 26 0
441 0 14 98 78 28 250 234 2 12 90 162 176 4 0 0 2 0 98 34 2
442 0 2 50 64 16 154 246 0 10 84 132 276 12 0 0 0 0 150 156 14
443 4 26 120 108 36 244 208 0 34 58 128 186 0 0 0 2 2 68 36 2
444 26 170 320 94 84 178 90 0 20 2 34 32 0 0 0 0 0 10 8 0
445 0 12 68 88 20 196 228 0 18 104 176 214 2 0 0 4 2 110 74 4
446 4 68 162 134 72 236 180 0 24 48 104 114 0 0 0 0 0 36 32 0
447 8 132 196 158 92 256 104 0 22 50 52 48 0 0 0 2 0 12 2 0
448 0 14 82 54 40 296 242 0 18 60 130 188 4 0 0 6 8 120 42 0
449 84 312 252 102 42 98 10 0 4 0 8 0 0 0 0 0 0 0 0 0
450 16 184 296 118 94 192 68 0 16 20 38 22 0 0 0 0 0 4 0 0
451 6 34 146 122 70 250 182 0 22 46 126 140 0 0 0 2 4 54 28 0
452 2 58 156 112 34 262 208 0 12 34 100 142 0 0 0 4 0 42 32 2
453 0 48 208 84 58 244 176 0 20 44 104 128 0 0 0 4 0 42 60 0
454 12 144 250 158 50 186 124 0 16 16 44 54 0 0 0 2 0 18 8 0
455 2 42 166 106 38 230 208 0 32 38 92 168 0 0 0 0 2 52 46 0
456 2 32 144 82 48 258 222 0 14 52 94 170 0 0 0 2 2 70 56 0
457 64 226 186 192 28 136 80 0 12 20 20 16 0 0 0 2 2 2 0 0
458 4 96 250 124 54 240 158 0 6 24 52 90 0 0 0 2 0 22 14 0
459 0 6 68 54 10 158 278 0 4 26 68 282 14 0 0 4 8 150 194 20
460 0 98 136 130 30 214 188 0 12 44 100 136 0 0 0 2 0 46 58 0
461 2 18 104 92 44 276 218 0 22 78 156 152 2 0 0 2 0 46 52 0
462 0 6 26 56 0 132 274 0 8 50 108 290 22 0 0 4 10 184 192 24
463 4 28 138 108 50 262 184 0 22 100 110 148 0 0 0 0 6 64 26 0
464 6 116 238 134 62 208 160 0 26 20 64 58 0 0 0 4 8 8 18 0
465 42 270 316 94 48 120 38 2 10 2 18 16 0 0 0 0 0 0 4 0
466 18 198 272 110 90 186 80 0 14 12 44 26 0 0 0 0 2 6 6 0
467 8 94 270 126 72 242 126 2 20 16 72 62 0 0 0 0 0 28 10 0
468 4 56 186 126 68 282 148 0 32 58 94 102 0 0 0 0 2 40 12 0
469 0 20 134 78 46 294 162 0 14 102 132 186 4 0 0 0 2 74 26 4
470 0 22 114 68 48 290 164 0 16 66 120 234 8 0 0 0 4 100 36 4
471 4 64 234 92 78 286 134 0 32 32 88 102 0 0 0 2 2 24 24 2
472 0 32 142 72 48 282 194 0 14 50 136 182 2 0 0 0 6 52 48 0
473 0 28 138 72 60 276 168 0 18 48 144 194 4 0 0 0 8 74 48 2
474 0 6 116 44 20 230 228 0 16 32 104 234 4 0 0 4 2 132 146 10
475 0 2 52 58 20 170 230 0 8 58 110 272 36 0 0 10 6 172 134 32
476 4 42 164 118 66 310 132 0 28 52 118 148 0 0 0 2 4 24 10 0
477 0 6 110 40 40 258 224 0 26 66 148 210 2 0 0 4 6 100 72 2
478 0 0 48 78 22 130 240 0 10 60 164 280 14 0 0 8 10 146 136 10
479 2 32 102 118 38 234 190 0 18 60 200 150 2 0 0 4 2 58 58 0
480 14 102 256 150 68 270 96 0 20 30 58 48 0 0 0 0 2 10 2 0
481 0 32 142 78 56 288 204 0 22 58 118 158 2 0 0 0 2 64 32 0
482 0 2 62 66 28 216 248 0 14 86 130 238 18 0 0 2 4 148 62 14
483 2 78 172 122 44 304 146 2 40 68 116 82 0 0 0 6 0 14 6 0
484 2 98 242 116 82 218 148 2 18 54 64 88 0 0 0 4 4 26 16 0
485 4 64 208 106 52 274 176 0 22 56 86 92 0 0 2 0 0 30 34 0
486 0 42 154 104 54 266 194 0 28 38 124 148 0 0 0 0 2 48 48 0
487 0 40 184 86 46 244 202 0 40 54 82 152 0 0 0 2 2 82 42 0
488 2 34 98 82 26 232 220 0 14 52 120 238 0 0 0 6 2 98 58 2
489 0 34 136 78 44 194 212 0 18 48 124 188 0 0 0 0 6 110 100 2
490 2 8 110 56 38 248 242 0 16 56 140 218 2 0 0 4 0 88 74 4
491 4 62 212 114 96 258 160 0 24 48 88 92 0 0 0 0 2 18 22 0
492 14 170 246 118 58 196 118 0 6 24 34 80 0 0 0 0 2 22 10 0
493 2 30 110 126 32 258 212 0 14 78 90 184 0 0 0 2 4 74 44 0
494 0 52 186 88 54 272 208 0 24 52 86 132 0 0 0 0 4 36 32 0
495 2 24 196 100 60 258 174 0 30 40 124 138 0 0 0 4 0 54 38 0
496 0 42 132 110 46 226 190 0 24 56 128 172 0 0 0 0 0 70 56 0
497 2 20 68 94 24 168 250 0 6 56 120 254 6 0 0 8 0 120 94 12
498 8 68 174 134 54 268 142 0 24 62 90 126 0 0 0 0 0 28 16 0
499 2 30 86 102 18 222 206 2 18 82 94 224 0 0 0 2 2 116 82 2
500 0 6 96 64 30 208 262 0 12 58 126 232 4 0 0 2 2 126 76 6
501 0 12 82 58 22 196 238 0 20 54 126 274 4 0 0 6 2 130 104 4
502 0 50 170 106 62 282 148 0 26 70 90 168 0 0 0 2 2 36 22 0
503 0 10 86 96 46 262 236 0 28 76 124 192 0 0 0 6 6 62 54 4
504 2 16 102 62 38 248 226 0 26 70 126 224 4 0 0 2 8 94 54 2
505 0 22 138 80 56 274 194 0 12 74 106 180 0 0 0 2 6 76 50 4
506 0 42 132 92 46 318 166 0 26 64 148 146 4 0 0 4 4 50 10 6
507 0 2 24 58 8 150 250 0 4 44 94 306 36 0 0 6 4 196 174 36
508 4 36 192 96 60 326 156 0 20 44 116 110 0 0 0 2 4 34 22 0
509 0 40 158 112 58 276 174 0 20 86 106 128 0 0 0 4 2 58 10 0
510 6 72 128 120 60 282 150 0 18 74 102 126 2 0 0 2 2 56 26 2
511 2 36 168 70 54 344 158 0 38 68 142 118 0 0 0 0 2 42 12 0
512 4 66 134 132 74 286 138 0 38 66 106 112 0 0 0 2 2 52 12 0
513 0 14 108 74 66 270 198 0 34 46 164 184 0 0 0 0 0 94 46 0
514 38 192 300 124 46 154 78 0 10 14 48 22 0 0 0 0 0 4 2 0
515 2 42 142 96 70 284 188 0 8 48 112 162 0 0 0 4 6 60 16 4
516 0 12 88 106 40 200 232 0 26 34 136 228 0 0 0 0 0 96 92 6
517 2 96 176 148 56 232 150 0 34 42 90 112 0 0 0 4 2 22 16 0
518 0 6 74 84 30 202 216 0 16 86 132 252 2 0 0 4 8 128 82 0
519 14 158 204 132 72 220 130 0 18 26 52 62 0 0 0 2 2 18 12 0
520 4 20 102 102 32 228 200 0 24 54 110 230 2 0 0 6 2 94 80 2
521 0 22 90 76 32 182 226 0 16 50 110 248 4 0 0 2 2 114 136 4
522 6 110 192 128 56 280 142 0 16 24 64 100 0 0 0 4 0 18 20 0
523 20 150 290 118 58 220 100 0 6 26 56 44 0 0 0 4 2 6 6 0
524 0 10 46 56 4 144 274 0 8 42 122 274 22 0 0 0 6 166 168 26
525 32 186 244 134 50 202 90 2 12 20 42 60 0 0 0 0 4 10 8 0
526 2 48 160 84 86 222 184 0 14 36 124 166 0 0 0 4 2 54 60 4
527 0 10 66 72 18 232 258 0 20 60 106 226 6 0 0 4 8 132 110 0
528 0 4 74 64 18 160 260 0 10 48 104 292 4 0 0 8 8 124 154 12
529 2 60 184 114 82 252 152 0 20 62 84 132 0 0 0 4 0 32 30 0
530 26 182 296 120 62 194 68 0 18 20 32 34 0 0 0 0 2 8 4 0
531 2 38 112 94 36 270 194 0 24 74 132 184 0 0 0 2 2 76 16 2
532 0 4 112 78 60 204 226 0 26 60 118 216 4 0 0 2 4 102 82 6
533 0 14 104 72 34 246 240 2 10 40 132 206 12 0 0 2 2 98 72 8
534 10 98 164 100 60 270 150 0 30 40 120 102 0 0 0 0 0 24 18 0
535 42 286 254 124 40 130 48 0 6 10 12 24 0 0 0 0 0 2 0 0
536 0 20 120 90 34 276 200 0 28 64 116 200 0 0 0 2 0 68 52 2
537 6 120 236 130 70 212 134 0 20 20 80 68 0 0 0 0 0 30 14 0
538 2 74 250 94 96 238 142 0 36 36 112 74 0 0 0 0 0 18 18 0
539 0 8 120 52 46 292 238 0 28 54 116 192 4 0 0 8 2 78 46 4
540 0 10 106 82 36 232 222 0 20 92 136 202 4 0 0 0 6 86 58 6
541 4 70 180 140 58 282 154 0 30 54 86 92 0 0 0 2 0 28 6 0
542 0 4 26 82 32 136 214 0 14 58 122 322 16 0 0 0 6 192 134 14
543 26 198 234 150 74 148 102 0 26 20 38 40 0 0 0 2 2 8 4 0
544 4 44 154 118 44 246 188 0 20 52 92 162 0 0 0 2 2 48 46 0
545 0 48 172 112 30 276 156 0 20 72 124 134 0 0 0 2 2 42 38 0
546 0 10 82 84 34 168 256 0 6 36 108 278 4 0 0 0 0 96 132 10
547 0 26 158 104 54 256 206 0 8 48 104 176 0 0 0 6 2 68 36 0
548 0 32 222 128 60 260 134 0 20 68 100 140 0 0 0 4 0 28 20 0
549 10 112 236 120 84 226 116 0 30 36 82 60 0 0 0 2 2 20 12 0
550 0 18 106 80 44 238 220 0 18 74 150 192 0 0 0 4 6 86 62 0
551 0 12 118 80 50 234 216 0 20 50 136 218 2 0 0 4 2 90 66 0
552 0 10 122 72 32 218 192 0 22 50 142 236 0 0 0 2 2 116 92 2
553 6 84 210 80 82 232 168 0 20 22 92 128 0 0 0 2 2 40 24 2
554 0 50 128 124 30 234 222 0 14 70 84 166 0 0 0 0 2 58 36 0
555 0 34 160 88 52 264 184 0 16 66 128 156 0 0 0 6 8 50 34 2
556 0 2 52 40 14 160 278 0 8 42 114 286 24 0 0 2 6 166 138 32
557 0 46 204 96 72 350 136 0 30 66 96 78 0 0 0 2 0 26 12 0
558 4 50 208 90 48 274 142 0 10 44 114 150 0 0 0 6 2 60 20 0
559 0 14 80 64 16 238 222 0 14 60 74 276 8 0 0 2 2 144 100 6
560 0 8 76 78 28 200 232 0 16 60 116 268 6 0 0 0 2 120 96 6
561 0 32 106 98 56 254 198 0 14 42 164 192 0 0 0 0 0 52 50 0
562 8 92 212 122 70 292 118 0 24 42 98 76 0 0 0 0 0 14 2 0
563 0 42 142 84 58 286 180 0 28 56 130 154 2 0 0 2 0 66 22 0
564 0 8 34 52 16 154 286 0 16 68 116 282 10 0 0 8 6 160 138 10
565 2 26 158 84 64 248 194 0 24 62 108 170 0 0 0 2 4 66 52 2
566 0 40 126 108 64 234 210 0 20 72 90 172 0 0 0 2 4 64 48 2
567 2 14 128 84 60 220 196 0 24 74 104 236 0 0 0 4 0 72 68 2
568 2 8 34 72 20 148 284 0 6 68 76 278 8 0 0 6 0 158 162 16
569 0 12 128 72 48 226 210 0 10 46 110 210 6 0 0 2 6 116 94 6
570 6 80 194 152 44 272 134 0 18 60 58 106 0 0 0 0 0 28 8 0
571 34 168 216 156 76 174 104 0 10 18 50 46 0 0 0 0 2 10 4 0
572 0 12 96 52 34 202 240 0 14 64 124 238 8 0 0 4 0 122 102 8
573 0 32 158 122 56 248 188 0 10 40 112 172 0 0 0 2 4 50 42 0
574 2 38 174 104 62 226 228 0 8 28 104 142 0 0 0 2 0 64 42 0
575 0 6 82 78 38 194 226 0 18 34 116 286 2 0 0 6 12 88 130 6
576 0 34 162 90 66 250 160 2 28 56 138 170 0 0 0 0 0 54 38 0
577 4 66 164 126 48 282 202 0 22 62 82 86 2 0 0 0 2 22 18 4
578 0 6 114 64 22 242 214 0 10 66 132 232 8 0 0 2 8 112 76 8
579 8 74 192 120 56 264 160 2 20 50 76 118 0 0 0 0 0 36 10 0
580 0 26 86 100 54 228 176 0 20 98 138 230 0 0 0 0 2 80 52 0
581 0 6 40 76 32 152 256 0 12 60 124 266 12 0 0 4 4 170 126 16
582 0 22 150 90 54 256 178 0 18 72 118 186 0 0 0 0 0 66 62 0
583 0 10 96 80 40 224 208 0 22 82 98 236 6 0 0 2 8 114 76 4
584 0 18 130 96 56 260 170 2 34 124 128 166 0 0 0 2 2 44 36 0
585 2 12 74 82 34 230 212 0 16 80 156 244 6 0 0 10 4 94 46 6
586 2 88 248 92 76 246 130 0 36 26 76 96 0 0 0 0 6 34 20 0
587 0 14 80 86 48 248 222 2 16 68 118 212 2 0 0 2 8 102 64 6
588 0 20 78 96 38 198 250 0 10 68 118 216 8 0 0 4 4 104 76 2
589 2 26 114 118 62 222 218 0 16 42 106 190 4 0 0 2 4 70 64 2
590 6 30 116 88 46 222 254 0 18 44 90 184 2 0 0 0 2 68 82 2
591 2 22 120 98 34 198 254 0 14 40 120 202 0 0 0 4 4 90 64 2
592 32 202 352 120 52 112 66 0 12 10 26 42 0 0 0 0 0 4 2 0
593 0 40 96 88 26 222 228 0 10 42 86 244 2 0 0 0 4 102 92 2
594 6 52 146 110 50 246 198 0 16 52 106 164 0 0 0 2 4 56 30 0
595 0 38 114 86 48 238 242 0 18 70 110 164 0 0 0 0 4 60 70 2
596 0 2 72 72 12 172 228 0 12 66 106 268 12 0 0 0 2 166 154 12
597 0 10 110 92 38 212 230 0 12 72 100 236 2 0 0 0 4 98 68 4
598 4 42 196 128 66 222 158 0 24 44 100 140 0 0 0 2 0 54 36 2
599 6 112 190 96 74 298 156 0 24 44 64 76 0 0 0 4 4 20 6 0
600 8 62 190 154 78 256 120 0 36 48 94 88 0 0 0 2 0 28 8 0
601 6 66 248 108 108 278 114 0 24 44 88 80 0 0 0 0 2 22 0 0
602 0 40 160 66 48 264 208 0 22 58 94 186 2 0 0 0 0 58 46 2
603 24 132 232 148 52 230 118 0 22 22 78 50 0 0 0 2 0 8 4 0
604 2 70 254 92 94 268 132 0 32 64 86 64 0 0 0 0 0 20 4 2
605 0 8 94 68 22 266 206 0 22 88 160 230 4 0 0 2 6 98 34 6
606 0 28 160 82 64 340 162 0 20 88 130 108 0 0 0 2 0 40 24 0
607 0 30 116 106 50 240 190 0 18 78 144 184 2 0 0 0 2 76 30 0
608 2 28 96 92 32 260 216 0 14 54 126 218 0 0 0 6 2 80 56 2
609 2 28 118 80 40 234 180 0 18 70 144 202 8 0 0 4 6 98 56 4
610 0 16 96 100 22 228 206 2 16 102 126 216 4 0 0 2 4 108 46 4
611 0 30 74 88 28 256 210 2 30 118 118 194 4 0 0 2 4 90 46 2
612 18 116 246 158 66 260 90 0 24 46 44 50 0 0 0 2 0 4 2 0
613 2 6 84 88 44 214 198 0 14 98 162 212 6 0 0 8 4 114 56 4
614 16 146 276 136 50 210 116 4 12 14 42 48 0 0 0 0 0 14 14 0
615 0 24 102 94 44 268 192 0 24 78 146 166 0 0 0 0 0 82 52 2
616 0 30 100 82 26 236 170 0 18 94 168 192 6 0 0 6 2 108 60 2
617 0 10 60 46 20 178 268 0 16 66 96 256 28 0 0 2 6 156 118 20
618 0 6 108 82 34 224 200 0 10 64 112 276 8 0 0 4 4 104 60 8
619 0 54 148 94 64 246 178 2 24 62 98 184 0 0 0 2 6 56 28 0
620 0 4 52 54 18 194 244 0 8 60 92 274 6 0 0 0 4 156 178 12
621 0 12 94 112 40 196 218 0 10 60 90 258 4 0 0 0 4 96 92 2
622 0 26 90 120 42 184 206 0 12 50 114 232 0 0 0 6 0 112 82 0
623 2 42 128 86 68 224 200 0 14 38 126 180 0 0 0 6 2 70 72 2
624 8 102 156 132 44 256 136 0 20 40 100 130 0 0 0 0 0 22 22 0
625 4 46 108 120 26 202 228 0 14 50 114 196 0 0 0 6 0 70 50 2
626 0 4 112 96 46 186 232 2 22 56 124 218 0 0 0 2 4 100 88 0
627 0 0 28 46 20 112 300 0 10 70 94 296 22 0 0 2 6 174 176 30
628 18 202 268 148 44 162 96 0 16 20 32 32 0 0 0 0 2 6 4 0
629 12 140 210 180 60 226 96 0 30 40 48 50 0 0 0 2 0 12 0 0
630 6 78 248 124 72 286 132 0 36 50 70 40 0 0 0 0 0 16 6 0
631 2 42 96 104 44 236 200 2 18 70 126 190 0 0 0 2 2 72 64 0
632 6 84 240 108 64 242 154 2 22 32 56 102 0 0 0 6 4 34 20 0
633 0 44 128 104 34 292 168 0 18 68 136 166 0 0 0 0 4 56 32 0
634 0 48 178 98 46 282 156 0 28 64 114 126 0 0 0 4 2 54 32 0
635 0 36 106 72 34 292 212 0 34 66 88 210 2 0 0 8 0 72 40 2
636 2 24 160 98 44 308 164 0 20 76 118 154 0 0 0 4 6 46 30 2
637 2 24 144 86 32 282 196 0 22 44 112 206 4 0 0 8 6 72 30 0
638 0 0 56 38 12 222 258 0 12 62 88 266 20 0 0 8 4 160 134 22
639 0 6 52 74 8 202 242 0 12 70 124 284 6 0 0 0 2 138 98 12
640 10 86 172 154 30 240 184 0 14 54 76 90 0 0 0 2 0 24 28 0
641 2 36 150 102 44 228 214 0 18 50 106 172 0 0 0 0 2 66 50 0
642 0 20 144 116 46 258 182 0 26 64 102 194 0 0 0 0 6 56 36 0
643 0 24 112 84 62 236 194 0 32 56 90 208 6 0 0 0 4 112 62 4
644 4 54 200 104 48 224 202 0 22 36 86 154 0 0 0 0 2 34 30 0
645 4 28 96 106 38 206 248 0 10 40 98 222 2 0 0 2 2 74 84 2
646 2 58 214 128 70 258 132 2 24 50 66 130 0 0 0 0 4 28 28 0
647 0 8 82 86 22 162 242 0 18 74 128 246 8 0 2 4 2 128 106 10
648 0 34 86 108 34 214 198 0 18 66 130 222 6 0 0 6 8 98 56 6
649 4 16 118 84 28 270 194 0 16 66 124 214 0 0 0 6 0 106 38 2
650 0 16 80 82 20 216 252 0 12 84 122 228 2 0 0 2 2 90 82 4
651 0 28 154 116 44 290 178 0 24 70 118 122 0 0 0 6 0 68 18 0
652 2 66 202 138 42 222 178 2 16 40 72 134 0 0 0 0 0 36 26 2
653 32 180 260 158 40 168 88 2 20 14 44 40 0 0 0 2 0 8 4 0
654 16 146 260 122 66 244 104 0 14 26 46 56 0 0 0 0 0 4 4 0
655 0 4 56 72 26 200 252 0 10 56 144 268 6 0 0 2 0 132 100 6
656 4 34 164 124 34 266 172 0 16 52 108 152 0 0 0 0 6 36 44 2
657 18 202 258 110 78 212 86 2 8 14 34 42 0 0 0 4 2 4 2 0
658 0 44 210 92 92 300 156 0 24 38 108 102 0 0 0 0 4 32 14 0
659 6 50 198 106 76 254 148 0 30 56 92 120 0 0 0 2 0 46 32 0
660 2 26 114 94 26 210 220 0 18 68 94 234 0 0 0 0 0 80 80 4
661 0 24 182 74 42 260 178 0 20 50 112 176 4 0 0 2 4 74 56 0
662 24 164 184 164 42 238 116 0 12 22 44 48 0 0 0 0 2 10 8 0
663 0 44 184 104 60 270 176 0 16 36 82 168 0 0 0 0 2 40 28 0
664 2 10 94 62 36 206 236 0 14 62 136 232 2 0 0 2 2 106 106 4
665 0 8 124 60 30 248 228 0 10 58 126 204 6 0 0 2 4 86 100 0
666 100 266 246 112 26 84 38 0 6 6 10 4 0 0 0 0 0 4 2 0
667 0 34 128 70 34 236 244 0 14 60 124 154 4 0 0 2 6 72 70 2
668 0 10 54 106 26 172 254 0 10 62 94 284 6 0 0 0 4 146 84 0
669 48 226 226 148 56 146 82 0 8 16 34 30 0 0 0 4 2 2 10 0
670 6 94 198 144 66 232 146 0 18 38 64 90 0 0 0 2 0 30 26 0
671 0 4 36 66 22 134 278 2 6 30 116 312 14 0 0 0 2 136 172 18
672 2 84 178 168 50 208 174 0 30 30 88 92 0 0 0 6 8 36 36 0
673 6 34 130 104 88 234 180 0 34 48 116 152 0 0 0 4 2 52 62 0
674 0 18 74 74 32 196 258 0 18 52 120 226 6 0 2 6 0 112 112 10
675 4 94 210 134 60 238 154 0 28 28 66 98 0 0 0 2 2 30 14 0
676 0 22 142 76 48 216 200 0 26 54 142 210 2 0 0 4 4 66 68 4
677 48 200 290 94 86 176 58 4 16 20 34 26 0 0 0 0 0 0 0 0
678 0 6 72 66 28 160 230 0 18 54 156 226 28 0 0 2 2 158 122 24
679 0 10 64 86 26 182 252 0 6 82 128 266 8 0 0 4 2 124 70 12
680 0 30 98 100 30 246 200 0 18 98 142 180 0 0 0 4 4 70 60 0
681 2 28 126 84 50 220 188 2 38 62 134 176 2 0 0 2 2 98 70 2
682 0 44 148 116 58 248 190 0 16 66 122 138 0 0 0 2 2 46 30 0
683 0 8 42 84 2 114 250 0 6 56 68 340 8 0 0 6 2 158 212 8
684 6 54 182 130 44 250 180 0 22 24 80 144 0 0 0 6 0 52 32 0
685 6 48 172 140 64 222 174 0 22 24 108 140 2 0 0 2 2 52 36 0
686 2 44 182 118 48 218 200 0 18 50 110 148 0 0 0 4 2 38 44 0
687 4 30 94 92 16 240 232 0 8 58 100 234 0 0 0 0 2 86 84 0
688 0 10 84 72 32 126 270 0 6 40 116 272 0 0 0 2 0 128 158 8
689 14 96 218 134 32 226 158 0 16 32 74 108 0 0 0 0 0 30 16 0
690 12 104 208 108 58 212 186 0 20 28 62 94 0 0 0 2 0 32 36 0
691 2 30 150 88 38 212 178 0 20 26 116 216 4 0 0 2 4 94 98 4
692 6 60 188 122 56 240 178 0 18 40 90 126 0 0 0 6 2 44 26 2
693 18 148 226 160 72 200 118 0 24 28 56 42 0 0 0 2 2 10 6 0
694 2 56 180 94 72 240 194 0 26 56 102 118 0 0 0 2 0 46 36 0
695 0 6 126 58 42 230 202 0 18 54 146 240 0 0 0 0 2 124 64 2
696 4 64 178 120 32 264 182 2 28 30 98 122 0 0 0 0 0 44 26 0
697 0 20 128 76 32 218 200 0 28 58 116 236 2 0 0 6 0 120 52 2
698 0 12 50 52 18 162 268 0 8 34 88 290 12 0 0 2 6 158 176 16
699 0 0 84 52 30 204 254 0 10 40 108 232 2 0 0 0 4 142 170 4
700 0 4 108 42 38 246 222 0 8 58 126 246 2 0 0 10 4 110 92 0
701 2 18 180 84 50 272 190 0 6 62 142 144 0 0 0 0 0 58 38 2
702 0 36 116 80 54 228 230 0 26 52 136 162 0 0 0 2 0 74 62 0
703 0 16 118 76 42 252 206 0 16 78 136 190 0 0 0 6 0 66 80 0
704 0 2 74 58 12 166 240 0 8 50 104 296 6 0 0 10 2 140 176 14
705 6 68 198 152 40 240 132 4 18 60 74 124 0 0 0 4 4 34 22 0
706 0 0 78 52 24 188 266 0 20 48 134 242 4 0 0 0 4 120 158 12
707 0 32 186 88 44 266 226 0 14 52 96 140 0 0 0 2 4 36 30 4
708 0 18 110 90 52 232 250 0 16 56 98 198 0 2 0 2 4 84 58 4
709 0 16 80 60 26 184 254 0 12 54 94 256 2 0 0 4 2 126 150 6
710 0 8 74 100 16 194 292 0 12 54 78 240 2 0 0 2 4 114 112 2
711 0 6 54 36 4 188 260 0 16 42 112 282 18 0 0 6 4 156 166 24
712 6 106 234 108 88 248 130 0 12 30 58 100 0 0 0 2 2 22 16 0
713 0 32 80 66 42 228 226 0 16 58 88 222 6 0 0 4 12 104 120 0
714 28 156 290 144 66 176 66 0 22 18 46 52 0 0 0 2 0 6 8 0
715 0 2 96 80 8 200 238 0 8 114 132 234 2 0 0 6 4 112 68 4
716 6 104 246 134 50 220 142 0 14 34 86 74 0 0 0 2 0 20 12 0
717 2 66 164 122 82 296 142 0 20 62 96 96 0 0 0 2 2 40 10 0
718 0 20 82 86 22 214 250 0 18 60 120 210 14 0 0 0 4 112 68 12
719 2 54 144 80 54 266 214 0 16 46 124 146 0 0 0 0 4 36 44 0
720 2 40 144 112 48 254 166 2 30 90 130 144 0 0 0 4 0 32 36 0
721 0 28 106 90 36 198 192 0 12 80 142 206 0 0 0 0 2 102 96 2
722 0 10 102 60 18 212 242 0 14 56 126 238 2 0 0 2 2 106 120 4
723 16 118 230 122 74 258 100 2 20 22 70 82 0 0 0 0 0 18 10 0
724 0 8 48 66 8 146 276 0 6 42 102 310 10 0 0 8 2 162 150 10
725 0 22 82 96 16 156 214 0 8 48 134 252 2 0 0 0 6 136 146 4
726 14 124 222 114 88 212 138 0 24 14 54 90 0 0 0 2 0 32 14 0
727 0 8 54 58 10 168 268 0 4 58 90 282 12 0 0 2 8 166 154 10
728 0 30 110 106 40 202 216 0 14 54 114 226 0 0 0 2 6 84 64 0
729 0 18 100 94 20 212 188 0 8 86 120 258 4 0 0 8 4 116 64 8
730 0 16 108 102 24 196 234 0 20 74 94 214 2 0 0 2 8 108 86 4
731 2 28 66 86 22 190 254 0 20 42 104 250 10 0 0 4 4 128 82 8
732 4 70 170 140 54 296 160 0 18 60 80 90 0 0 0 4 0 24 16 0
733 2 58 182 100 42 242 176 2 30 32 94 152 0 0 0 2 2 72 40 0
734 8 132 290 94 90 296 74 4 20 20 52 16 0 0 0 0 0 8 2 0
735 0 8 70 56 28 214 238 0 6 62 130 266 6 0 0 2 6 114 110 16
736 0 30 134 84 52 262 198 0 14 70 112 170 0 0 0 6 2 74 54 2
737 0 32 126 92 30 256 202 0 26 60 104 200 6 0 0 2 0 94 36 2
738 0 24 156 82 56 274 186 0 34 66 130 146 2 0 0 6 2 70 32 2
739 0 30 92 110 48 208 230 0 20 66 102 202 2 0 0 6 0 100 54 2
740 0 4 26 48 14 118 280 0 2 54 102 286 40 0 0 8 6 194 174 28
741 20 170 268 128 112 208 70 0 8 8 58 30 0 0 0 0 2 8 0 0
742 0 56 120 142 46 262 170 0 12 56 136 148 0 0 0 4 2 40 34 0
743 32 192 250 132 64 170 80 2 14 18 42 52 0 0 0 0 2 6 2 0
744 12 102 204 120 76 296 108 0 20 52 72 76 0 0 0 0 0 8 8 0
745 18 138 262 122 74 268 92 0 20 16 48 32 0 0 0 2 2 4 6 0
746 0 12 86 72 24 244 190 0 18 80 160 218 6 0 0 2 6 140 68 2
747 2 34 128 86 42 278 186 2 18 66 142 178 2 0 0 0 2 58 30 6
748 2 46 146 114 52 248 204 0 14 46 122 144 0 0 0 2 2 46 44 2
749 0 6 88 62 28 194 200 0 12 90 158 246 6 0 0 2 0 144 96 6
750 6 48 156 78 50 278 158 0 20 88 148 150 0 0 0 2 2 42 18 0
751 0 4 32 104 4 154 230 0 6 62 138 280 20 0 0 4 0 174 124 20
752 2 52 196 98 46 294 138 0 30 56 124 120 0 0 0 2 2 38 22 0
753 0 8 42 44 16 138 250 0 14 72 124 304 26 0 0 6 2 190 126 24
754 6 68 160 132 80 250 138 2 20 64 104 118 0 0 0 4 2 36 18 0
755 4 68 214 118 58 240 142 0 24 46 108 108 0 0 0 4 2 28 24 0
756 0 12 64 88 18 182 216 0 24 92 140 244 10 0 0 0 6 134 92 6
757 0 22 124 110 36 272 188 0 32 82 102 186 4 0 0 6 6 62 36 0
758 0 18 84 92 36 262 236 0 28 84 108 210 0 0 0 2 0 74 46 0
759 0 12 76 88 30 228 234 0 18 106 128 222 2 0 0 2 8 88 58 6
760 0 58 194 106 34 312 156 0 32 68 82 112 0 0 0 2 2 48 18 2
761 18 144 264 144 60 226 112 0 26 22 52 30 0 0 0 0 0 8 2 0
762 0 26 166 88 64 262 184 0 18 78 114 150 0 0 0 0 4 50 54 0
763 2 16 78 88 26 222 218 0 22 88 126 248 0 0 0 0 0 118 60 0
764 0 46 160 102 74 248 170 2 26 38 136 154 0 0 0 2 0 44 40 0
765 6 102 234 132 52 240 124 0 18 44 74 94 0 0 0 0 4 24 16 0
766 0 4 70 68 26 222 224 0 20 98 146 250 4 0 0 2 6 112 72 8
767 0 28 98 92 40 252 190 0 20 68 164 198 2 0 0 6 4 84 40 0
768 2 48 126 84 46 220 206 2 28 76 116 182 0 0 0 0 2 78 48 2
769 2 12 74 84 16 210 234 0 14 126 134 222 4 0 0 6 2 108 70 6
770 0 16 88 84 34 204 214 0 8 78 116 248 8 0 0 4 0 144 64 6
771 0 18 158 74 54 292 190 0 14 46 144 162 2 0 0 2 0 78 32 0
772 0 2 62 70 10 162 200 0 16 56 142 282 26 0 0 4 0 188 128 26
773 0 16 94 86 50 222 224 0 10 76 214 166 2 0 0 4 0 76 56 2
774 0 6 50 48 26 188 268 0 26 36 136 254 14 0 0 4 4 172 116 14
775 0 0 24 38 6 86 282 0 8 36 92 312 62 0 0 2 4 218 182 66
776 0 4 62 68 24 202 234 0 14 66 132 248 6 0 0 6 2 150 116 10
777 0 18 106 86 36 238 238 0 30 58 126 194 2 0 0 0 6 100 46 6
778 38 208 332 104 84 130 64 0 14 8 26 34 0 0 0 0 0 2 2 0
779 2 42 196 80 54 262 160 0 14 98 110 132 0 0 0 2 0 50 38 0
780 6 54 206 134 66 276 126 0 26 44 80 110 0 0 0 0 2 34 28 0
781 2 40 140 88 34 260 176 0 28 50 132 184 2 0 0 2 6 72 44 2
782 14 162 260 120 70 208 100 0 22 30 44 52 0 0 0 0 0 6 2 0
783 2 40 108 102 34 272 212 0 24 66 118 176 6 0 2 2 4 58 28 6
784 0 32 148 102 48 282 172 0 18 56 134 168 0 0 0 0 0 62 30 0
785 36 272 262 128 38 124 68 0 8 8 36 14 0 0 0 0 0 2 6 0
786 2 44 196 126 40 288 162 0 20 76 100 104 0 0 0 2 0 28 16 0
787 2 36 174 110 40 306 170 2 18 58 94 148 0 0 0 4 6 44 24 0
788 2 58 192 122 44 302 152 0 18 46 106 108 0 0 0 0 2 34 16 2
789 2 24 122 74 36 284 198 0 20 54 138 186 2 0 0 0 2 64 78 0
790 0 36 142 80 36 224 226 0 24 38 128 184 4 0 0 6 0 78 54 6
791 0 40 202 74 70 278 172 0 14 50 94 144 0 0 0 2 2 42 50 2
792 0 20 74 70 24 184 254 0 2 62 90 264 6 0 0 2 4 114 138 14
793 4 78 182 138 40 288 146 0 26 56 82 104 0 0 0 4 0 26 8 0
794 0 4 52 18 6 192 288 0 2 44 78 284 14 0 0 8 2 184 186 18
795 0 20 120 70 32 266 242 0 16 48 124 194 2 0 0 2 2 90 54 4
796 0 2 96 54 20 226 236 2 10 42 108 250 16 0 0 6 8 116 126 18
797 0 12 94 84 42 262 248 0 20 54 132 178 2 0 0 0 2 100 58 2
798 0 12 98 54 58 294 214 0 24 48 186 176 2 0 0 2 2 72 52 2
799 0 14 124 70 20 280 188 0 18 50 180 178 0 0 0 2 4 94 68 0
800 2 74 242 114 62 264 134 0 24 36 102 74 0 0 0 0 0 20 24 0
801 18 128 310 116 58 224 110 4 20 14 50 44 0 0 0 0 2 6 6 0
802 0 24 118 58 38 244 188 0 28 60 166 222 2 0 0 0 0 84 68 2
803 2 64 194 114 40 222 154 0 20 38 96 170 0 0 0 2 0 62 40 0
804 0 8 94 72 36 220 228 0 12 80 110 240 2 0 0 2 2 110 88 4
805 4 64 182 100 52 266 182 0 24 50 90 130 0 0 0 0 2 48 26 0
806 0 80 298 96 72 232 142 0 26 34 82 70 0 0 0 2 2 28 16 0
807 8 48 144 92 20 330 186 0 30 54 126 124 0 0 0 0 0 42 32 0
808 2 54 192 138 40 322 144 2 16 74 92 68 0 0 0 2 2 26 12 0
809 2 104 226 126 64 256 126 0 30 38 82 64 0 0 0 0 0 26 12 0
810 0 50 164 98 68 258 198 2 30 36 82 158 0 0 0 2 0 48 34 0
811 10 86 244 116 54 244 146 0 14 24 72 104 0 0 0 0 0 18 18 0
812 2 16 88 80 32 232 238 0 22 62 124 228 2 0 0 4 2 112 60 2
813 0 22 106 98 44 256 216 0 22 56 122 200 0 0 0 10 4 78 42 0
814 0 30 172 88 48 286 162 0 20 64 130 164 2 0 0 6 4 38 36 6
815 0 24 122 88 36 278 218 0 18 98 118 152 0 0 0 0 2 64 38 2
816 2 18 58 88 22 198 268 0 14 64 102 244 4 0 0 0 0 98 112 8
817 0 10 54 74 12 166 264 0 10 74 86 286 10 0 0 8 0 144 124 10
818 8 138 304 120 74 226 90 0 10 20 38 52 0 2 0 0 0 14 4 0
819 6 106 270 124 48 250 116 0 16 32 62 76 0 0 0 2 0 20 8 0
820 2 40 136 100 56 226 214 0 8 46 128 186 2 0 0 0 2 58 42 0
821 6 92 288 100 56 262 126 0 24 52 72 46 0 0 0 0 0 16 8 0
822 4 62 198 124 74 266 170 0 12 40 78 106 0 0 0 4 2 24 30 0
823 6 48 244 110 80 250 172 0 14 46 62 92 0 0 0 2 0 38 24 0
824 0 50 164 106 46 282 188 0 20 34 80 158 0 0 0 0 0 40 50 0
825 0 16 92 80 54 210 214 0 32 56 136 236 2 0 0 2 2 102 62 4
826 36 192 246 142 70 204 66 2 10 32 24 20 0 0 0 0 2 2 2 0
827 0 14 94 110 42 190 232 0 28 80 132 194 0 0 0 2 2 94 74 2
828 2 18 86 82 26 228 196 0 14 80 144 226 2 0 0 0 4 110 82 2
829 0 12 92 76 30 206 202 0 14 64 110 266 8 0 0 4 6 118 100 10
830 68 304 254 100 22 96 54 0 6 2 10 10 0 0 0 0 0 2 0 0
831 120 284 206 110 30 88 34 0 10 6 12 4 0 0 0 0 0 0 0 0
832 2 28 148 84 50 252 200 0 14 66 136 162 2 0 2 4 0 78 32 0
833 6 68 210 110 62 292 144 0 24 44 90 82 0 0 0 0 0 28 20 0
834 80 278 294 80 46 100 42 0 4 6 20 6 0 0 0 2 2 0 2 0
835 2 30 102 110 30 224 228 2 4 66 120 200 0 0 0 4 6 78 56 0
836 12 166 280 148 66 204 100 0 18 22 18 28 0 0 0 0 0 10 6 0
837 0 50 168 94 74 260 184 0 18 42 84 160 2 0 0 2 2 52 44 2
838 0 58 134 140 48 218 186 0 22 52 124 144 0 0 0 4 2 54 30 0
839 0 14 80 88 42 200 222 0 12 36 140 248 2 0 0 2 2 116 92 2
840 4 56 156 110 40 292 168 0 22 76 106 130 0 0 0 2 0 42 20 2
841 0 18 72 92 30 168 242 0 22 58 128 248 0 0 0 4 2 126 100 2
842 0 62 222 110 72 226 174 0 22 32 88 126 0 0 0 2 0 38 30 0
843 2 68 166 116 72 232 148 0 22 44 96 144 0 0 0 0 2 52 56 0
844 2 30 100 84 38 222 230 0 12 42 118 218 4 0 2 8 2 92 82 2
845 72 300 228 122 32 100 34 0 2 6 10 8 0 0 0 0 0 0 0 0
846 0 10 72 54 20 216 268 0 10 44 102 252 4 0 0 4 0 124 144 4
847 0 26 98 90 38 210 228 0 20 64 96 224 8 0 0 12 8 100 64 4
848 2 22 122 78 48 274 238 0 14 56 98 172 2 0 0 0 0 88 58 0
849 0 4 58 74 6 172 264 0 4 68 84 304 2 0 0 2 0 146 144 6
850 0 6 44 70 18 158 254 0 20 40 136 268 8 0 0 8 4 144 166 12
851 6 56 194 114 60 270 160 0 20 48 86 138 0 0 0 4 0 26 22 0
852 0 14 74 86 16 160 292 0 14 50 70 272 4 0 0 4 0 114 128 6
853 2 40 112 82 42 182 238 0 6 68 100 232 0 0 0 0 0 86 82 0
854 14 142 228 136 42 150 152 2 16 20 86 80 0 0 0 0 2 28 24 0
855 0 10 58 78 16 170 276 0 14 48 106 254 2 0 0 2 2 134 148 14
856 0 18 98 104 28 228 208 0 6 54 134 222 2 0 0 4 6 98 78 2
857 0 8 54 60 10 150 262 0 14 38 128 298 12 0 0 6 4 172 136 10
858 20 218 300 138 70 176 48 0 2 12 22 28 0 0 0 0 0 6 0 0
859 24 164 212 162 32 194 150 0 18 14 52 62 0 0 0 0 0 18 8 0
860 0 20 40 68 12 158 282 0 8 44 98 296 6 0 0 0 6 130 156 16
861 0 4 82 78 26 226 262 0 26 64 80 228 6 0 0 4 2 108 104 8
862 2 40 184 88 42 286 198 0 18 48 98 132 0 4 0 0 2 52 42 0
863 2 28 144 94 32 290 196 0 12 62 108 190 0 0 0 4 0 52 34 2
864 0 26 110 82 24 220 206 0 24 52 104 246 4 0 0 2 0 90 94 6
865 0 4 68 48 12 188 238 0 14 56 100 294 10 0 0 0 6 182 126 12
866 14 108 230 104 70 240 142 2 14 26 68 92 0 0 0 2 0 28 24 0
867 12 124 330 108 74 216 86 0 18 22 56 38 0 0 0 0 6 10 2 0
868 2 70 210 112 58 262 174 0 10 50 60 116 0 0 0 0 2 34 14 0
869 0 28 134 86 30 228 208 0 6 78 106 210 0 0 2 2 2 78 70 0
870 0 48 188 122 66 252 164 0 30 42 100 134 0 0 0 2 10 42 26 0
871 0 28 118 100 42 256 188 0 22 76 132 184 0 0 0 2 0 60 60 0
872 0 34 142 104 34 264 218 0 12 54 86 188 0 0 0 2 4 68 42 0
873 0 20 94 80 32 242 210 0 26 54 88 242 4 0 0 4 4 108 90 2
874 0 30 184 112 70 228 178 0 14 34 124 160 0 0 0 2 2 58 46 0
875 0 20 126 88 38 206 212 0 30 70 102 210 6 0 0 0 2 102 72 4
876 2 2 60 64 24 174 250 0 12 48 104 290 14 0 0 4 2 146 134 26
877 8 166 266 130 100 228 70 0 18 14 58 30 0 0 0 0 0 8 2 0
878 0 18 74 66 30 178 264 0 4 52 132 258 4 0 0 0 2 120 104 8
879 4 48 172 106 64 258 180 0 12 32 100 154 0 0 0 4 0 54 34 0
880 2 12 134 86 44 202 220 0 30 44 136 214 2 0 0 2 0 88 62 2
881 2 60 204 130 78 248 156 0 24 26 86 112 0 0 0 0 2 36 32 0
882 6 72 174 122 62 280 170 0 14 30 112 92 0 0 0 0 0 26 28 0
883 0 14 82 78 34 242 256 2 16 64 90 242 0 0 0 6 2 80 90 4
884 2 64 154 118 58 284 198 0 18 50 82 108 0 0 0 4 0 44 20 0
885 0 4 52 78 14 134 272 2 10 40 108 256 16 0 0 8 6 150 184 24
886 8 98 182 126 78 230 166 0 14 24 70 114 0 0 0 2 2 36 20 0
887 2 46 132 122 54 292 148 0 26 76 122 124 0 0 0 2 4 44 42 0
888 2 26 80 124 28 160 216 0 16 98 142 214 0 0 0 6 2 112 58 2
889 4 28 116 132 54 266 148 0 28 78 148 148 2 0 0 0 8 52 34 2
890 2 6 66 74 20 222 228 2 16 86 152 242 2 0 0 2 0 120 76 2
891 2 32 120 74 40 230 216 0 30 70 134 178 0 0 0 0 0 60 76 0
892 0 50 188 62 76 222 188 0 18 48 94 168 0 0 0 0 2 50 76 0
893 0 18 136 110 54 218 190 0 26 62 150 174 0 0 0 0 4 78 48 2
894 2 28 148 92 62 342 154 0 30 90 112 130 0 0 0 6 2 44 14 0
895 8 62 130 136 58 210 204 0 18 42 104 128 0 0 0 2 6 54 44 0
896 18 158 244 154 56 200 90 0 20 38 62 42 0 0 0 0 0 10 8 0
897 8 60 166 100 58 198 190 0 6 28 106 172 0 0 0 2 0 62 66 2
898 0 0 48 48 20 132 288 0 6 34 112 306 18 0 0 4 8 158 168 18
899 6 70 196 136 46 238 170 0 18 36 86 116 0 0 0 2 0 36 22 0
900 16 124 322 112 76 200 84 0 26 18 60 66 0 0 0 4 0 8 4 0
901 2 22 94 66 26 266 236 0 10 76 134 220 0 0 0 2 0 82 44 0
902 0 14 82 96 38 208 256 0 28 24 114 230 0 2 0 0 6 108 80 2
903 0 30 78 78 28 232 256 0 20 66 94 222 0 0 0 2 0 90 82 2
904 0 22 124 52 30 236 200 0 24 58 146 232 0 0 0 2 2 86 84 0
905 0 18 132 76 54 224 238 0 14 58 108 180 0 0 0 0 0 88 82 2
906 0 10 40 56 16 118 316 0 2 54 64 298 16 0 0 2 0 144 196 24
907 0 22 122 78 42 214 206 0 14 52 128 214 0 0 0 0 0 92 96 2
908 2 68 180 116 42 242 160 4 16 48 98 146 0 0 0 0 0 56 28 0
909 8 38 136 144 30 228 190 0 14 60 100 176 0 0 0 4 0 64 34 2
910 0 16 76 96 26 148 246 0 12 28 86 296 10 0 0 4 6 144 122 4
911 12 92 220 132 68 244 144 2 20 14 62 92 0 0 0 2 2 22 24 0
912 0 18 90 94 8 194 222 2 18 70 96 272 2 0 0 0 2 120 100 2
913 0 26 124 100 40 178 238 2 12 42 94 220 4 0 0 0 4 96 94 2
914 4 54 172 88 58 238 194 0 24 40 96 158 0 0 0 0 0 58 48 0
915 2 58 166 128 62 244 170 0 28 54 80 144 0 0 0 6 4 36 42 0
916 0 52 186 122 42 258 154 0 22 54 78 176 0 0 0 2 0 50 28 0
917 2 34 198 96 66 248 170 0 24 44 128 144 2 0 0 2 4 48 22 0
918 0 2 52 78 4 148 294 0 4 44 102 286 0 0 0 2 2 152 176 4
919 18 104 282 124 58 210 124 0 14 38 56 80 0 0 0 2 4 10 14 0
920 0 16 72 64 16 156 272 0 8 48 124 248 4 0 0 6 6 136 152 2
921 12 140 286 112 70 188 128 2 14 14 72 56 0 0 0 0 0 14 6 0
922 8 158 296 128 112 214 74 0 12 26 34 28 0 2 0 2 2 6 2 0
923 0 6 34 30 10 160 302 0 6 34 112 300 12 0 0 6 2 146 198 16
924 0 22 120 72 76 202 224 0 20 34 154 204 0 0 0 2 2 82 78 0
925 2 26 156 100 48 228 200 2 32 50 128 156 0 0 0 0 2 68 62 0
926 0 2 10 42 4 72 316 0 4 26 70 298 68 0 0 2 14 190 234 66
927 10 114 234 136 80 202 122 0 24 28 84 80 0 0 0 4 2 24 20 0
928 0 26 98 86 28 218 228 0 24 74 134 206 4 0 0 6 2 94 62 4
929 8 112 194 140 52 228 158 0 16 34 68 92 0 0 0 0 0 22 32 0
930 0 10 78 50 22 166 252 0 12 44 112 252 16 0 0 2 6 162 148 14
931 0 8 60 64 14 216 210 0 18 74 136 256 18 0 0 2 12 146 106 12
932 0 6 88 92 20 206 238 0 20 92 126 212 10 0 0 0 4 106 74 16
933 0 14 104 76 38 258 154 0 12 66 144 212 16 0 0 0 0 146 66 12
934 6 94 216 138 76 258 104 0 32 48 92 66 0 0 0 0 2 22 8 0
935 16 148 252 134 74 208 126 2 18 22 44 34 0 0 0 2 0 12 12 0
936 0 24 112 86 36 250 194 0 18 48 132 212 0 0 0 2 6 94 74 4
937 20 112 222 150 70 226 120 0 22 36 56 60 0 0 0 0 6 20 8 0
938 10 136 234 116 68 244 110 2 38 46 38 58 0 0 0 0 2 10 10 0
939 14 116 232 124 48 230 116 0 28 40 92 72 0 0 0 0 2 18 8 0
940 4 48 92 92 28 222 226 0 16 54 100 218 2 0 0 0 2 78 78 4
941 4 52 140 116 74 240 164 0 28 60 108 156 0 0 0 4 2 48 34 0
942 0 2 18 50 2 70 292 0 0 34 58 332 48 0 0 8 2 166 260 56
943 0 22 78 112 26 298 246 0 12 60 90 182 2 0 0 0 4 88 44 0
944 10 94 254 168 64 232 114 0 20 36 60 56 0 0 0 0 2 14 2 0
945 0 40 138 98 60 278 176 0 10 90 130 148 0 0 0 4 0 40 30 2
946 72 306 308 82 62 62 22 0 10 2 4 2 0 0 0 0 0 0 0 0
947 4 40 140 98 46 280 194 0 24 52 114 154 0 0 0 0 0 58 28 0
948 4 56 150 102 30 234 198 0 16 66 126 154 0 0 0 0 2 50 36 0
949 4 48 186 86 52 246 188 2 26 38 118 136 2 0 0 2 2 60 34 0
950 6 102 218 104 56 278 114 4 12 68 70 88 0 0 0 4 4 14 18 0
951 16 108 266 124 58 246 112 2 18 30 66 52 0 0 0 2 0 20 14 0
952 2 68 180 138 74 298 128 0 42 82 66 82 0 0 0 0 0 24 4 0
953 24 212 334 126 82 166 34 0 20 14 24 4 0 0 0 0 0 0 0 0
954 0 0 90 36 14 240 220 0 18 112 132 234 18 0 0 2 0 146 66 10
955 2 86 254 86 106 306 98 0 24 64 86 48 0 0 0 2 4 14 2 0
956 8 72 212 112 50 316 136 0 22 42 98 84 0 0 0 0 0 18 6 0
957 28 134 312 150 106 184 58 2 6 22 52 22 0 0 0 2 0 2 0 0
958 2 14 82 98 34 240 174 0 18 98 164 204 6 0 0 4 6 98 54 2
959 0 8 98 52 38 258 208 0 26 76 162 206 6 0 0 2 2 106 62 2
960 8 42 206 100 62 278 162 0 34 52 96 116 0 0 0 0 4 42 12 0
961 0 50 160 114 66 264 166 0 24 52 108 146 2 0 0 4 2 48 18 2
962 0 10 58 54 36 210 270 0 6 46 112 260 6 0 0 6 8 116 132 4
963 0 8 94 66 66 194 264 0 22 44 110 218 8 0 0 2 8 100 98 10
964 6 136 314 88 114 226 96 2 12 16 58 40 0 0 0 0 0 6 6 0
965 2 42 208 86 78 260 190 2 20 34 90 156 0 0 0 0 2 40 20 0
966 0 22 150 44 54 284 214 0 26 60 122 176 4 0 0 0 6 70 44 0
967 68 256 266 112 52 106 40 2 6 8 28 16 0 0 0 0 0 0 4 0
968 0 20 122 100 32 306 170 2 14 80 150 156 4 0 0 0 6 60 42 0
969 0 14 100 88 26 178 242 0 16 58 126 240 4 0 0 0 2 102 88 6
970 6 78 174 144 34 258 142 0 18 44 98 126 0 0 0 0 4 28 26 0
971 4 42 146 102 58 224 206 0 24 54 108 142 2 0 0 2 6 60 44 0
972 0 42 132 98 62 230 192 0 18 66 142 142 0 0 0 2 0 56 62 0
973 10 142 228 152 42 194 138 0 16 48 40 72 0 0 0 0 0 18 10 0
974 100 306 254 86 44 84 18 0 4 2 6 6 0 0 0 0 0 2 0 0
975 6 54 158 148 32 224 206 0 14 32 92 150 0 0 0 2 0 46 42 0
976 2 48 116 130 44 200 228 0 4 74 112 162 0 0 0 4 0 70 44 0
977 0 46 124 114 48 240 236 0 10 54 80 152 0 0 0 2 2 62 56 2
978 0 22 142 106 44 282 180 0 14 58 92 196 0 0 0 4 6 74 44 2
979 2 62 184 112 54 260 188 0 28 36 96 120 0 0 0 2 4 34 30 0
980 0 22 164 84 34 262 210 2 16 44 140 170 0 0 0 0 0 74 48 0
981 12 122 288 122 70 272 84 0 18 30 50 32 0 0 0 4 0 8 4 0
982 34 210 290 118 64 186 76 0 12 14 20 20 0 0 0 0 0 8 4 0
983 2 16 98 58 58 266 190 0 26 60 152 208 0 0 0 0 2 106 72 0
984 4 28 140 88 60 332 172 0 34 52 136 134 0 0 0 0 2 48 22 0
985 0 20 86 64 44 260 204 0 22 76 210 170 2 0 0 2 2 70 72 2
986 14 82 220 112 42 282 136 0 14 36 122 84 0 0 0 0 0 12 12 0
987 2 20 76 70 26 234 216 0 10 60 176 234 0 0 0 0 4 100 76 6
988 0 24 66 88 50 220 202 0 26 70 170 206 2 0 0 2 2 100 72 6
989 8 82 232 130 68 214 156 0 26 36 80 86 0 0 0 2 2 34 24 2
990 0 16 64 74 34 166 246 0 20 54 182 220 2 0 0 0 2 110 130 6
991 2 20 74 76 20 228 264 0 14 70 122 218 0 0 0 4 0 88 100 0
992 6 82 168 134 76 238 200 0 24 34 84 88 0 0 0 4 4 34 16 0
993 2 24 124 92 28 228 216 0 20 102 120 196 0 0 0 2 6 72 40 0
994 0 16 102 88 38 272 204 0 34 104 120 172 2 0 0 4 4 72 46 0
995 2 24 108 114 70 238 176 0 24 78 134 186 2 0 0 4 6 62 40 2
996 50 260 258 124 52 150 64 0 12 8 22 14 0 0 0 0 0 0 0 0
997 0 66 172 116 52 260 162 0 28 74 94 136 0 0 0 0 2 32 22 0
998 0 12 76 100 46 224 170 0 22 92 148 216 6 0 0 4 8 126 62 4
999 2 50 154 110 54 210 152 0 22 66 120 184 2 0 0 2 0 74 44 0
0 0 0 104 4 2 412 64 0 6 578 16 56 14 0 0 0 0 68 2 6
1 0 4 102 6 0 466 40 0 6 640 4 14 6 0 0 0 0 32 0 0
2 0 0 108 12 2 466 32 0 8 650 4 10 4 0 0 0 0 22 0 0
3 0 2 94 2 0 430 62 0 2 648 0 18 16 0 0 0 0 56 0 0
4 0 4 90 6 2 418 58 0 0 630 4 44 18 0 0 0 0 58 0 6
5 0 4 122 20 6 402 48 0 22 448 68 98 12 0 0 0 0 72 6 2
6 0 4 100 26 8 328 112 0 18 420 114 80 18 0 0 0 2 88 6 10
7 0 24 150 62 26 402 80 0 38 324 70 58 2 0 0 0 4 36 0 0
8 0 4 94 26 4 332 96 0 6 448 34 130 26 0 0 0 0 118 14 12
9 0 0 52 24 4 270 180 0 6 362 40 174 40 0 0 0 0 160 26 28
0 0 0 104 4 2 412 64 0 6 578 16 56 14 0 0 0 0 68 2 6
1 0 4 102 6 0 466 40 0 6 640 4 14 6 0 0 0 0 32 0 0
2 0 0 108 12 2 466 32 0 8 650 4 10 4 0 0 0 0 22 0 0
3 0 2 94 2 0 430 62 0 2 648 0 18 16 0 0 0 0 56 0 0
4 0 4 90 6 2 418 58 0 0 630 4 44 18 0 0 0 0 58 0 6
5 0 4 122 20 6 402 48 0 22 448 68 98 12 0 0 0 0 72 6 2
6 0 4 100 26 8 328 112 0 18 420 114 80 18 0 0 0 2 88 6 10
7 0 24 150 62 26 402 80 0 38 324 70 58 2 0 0 0 4 36 0 0
8 0 4 94 26 4 332 96 0 6 448 34 130 26 0 0 0 0 118 14 12
9 0 0 52 24 4 270 180 0 6 362 40 174 40 0 0 0 0 160 26 28
10 2 24 178 56 42 458 44 0 34 290 52 42 2 0 0 0 2 34 0 0
11 0 2 84 20 2 356 116 0 12 518 38 66 20 0 0 0 0 96 6 2
12 0 4 86 34 8 408 86 0 20 506 46 56 10 0 0 0 2 58 0 2
13 0 8 102 56 4 352 86 0 18 482 36 78 10 0 0 0 0 78 0 4
14 0 20 94 48 14 408 56 0 14 550 20 36 2 0 0 0 2 38 4 0
15 0 24 152 50 18 462 28 0 38 478 4 10 2 0 0 0 0 12 0 0
16 0 16 128 56 22 420 60 0 22 440 44 46 2 0 0 0 0 32 0 2
17 0 6 104 42 4 368 48 0 10 586 34 52 8 0 0 0 0 56 8 2
0 0 0 104 4 2 412 64 0 6 578 16 56 14 0 0 0 0 68 2 6
1 0 4 102 6 0 466 40 0 6 640 4 14 6 0 0 0 0 32 0 0
2 0 0 108 12 2 466 32 0 8 650 4 10 4 0 0 0 0 22 0 0
3 0 2 94 2 0 430 62 0 2 648 0 18 16 0 0 0 0 56 0 0
4 0 4 90 6 2 418 58 0 0 630 4 44 18 0 0 0 0 58 0 6
5 0 4 122 20 6 402 48 0 22 448 68 98 12 0 0 0 0 72 6 2
6 0 4 100 26 8 328 112 0 18 420 114 80 18 0 0 0 2 88 6 10
7 0 24 150 62 26 402 80 0 38 324 70 58 2 0 0 0 4 36 0 0
8 0 4 94 26 4 332 96 0 6 448 34 130 26 0 0 0 0 118 14 12
9 0 0 52 24 4 270 180 0 6 362 40 174 40 0 0 0 0 160 26 28
10 2 24 178 56 42 458 44 0 34 290 52 42 2 0 0 0 2 34 0 0
11 0 2 84 20 2 356 116 0 12 518 38 66 20 0 0 0 0 96 6 2
12 0 4 86 34 8 408 86 0 20 506 46 56 10 0 0 0 2 58 0 2
13 0 8 102 56 4 352 86 0 18 482 36 78 10 0 0 0 0 78 0 4
14 0 20 94 48 14 408 56 0 14 550 20 36 2 0 0 0 2 38 4 0
15 0 24 152 50 18 462 28 0 38 478 4 10 2 0 0 0 0 12 0 0
16 0 16 128 56 22 420 60 0 22 440 44 46 2 0 0 0 0 32 0 2
17 0 6 104 42 4 368 48 0 10 586 34 52 8 0 0 0 0 56 8 2
